16121 16120 16122 16123 16124 16125 16126
16124 16120 16121 16122 16123 16125 16126
16126 16120 16121 16122 16123 16124 16125
16123 16120 16121 16122 16124 16125 16126
16120 16121 16122 16123 16124 16125 16126
16125 16120 16121 16122 16123 16124 16126
16122 16123 16120 16121 16124 16125 16126
57984 57971 4292 57975 57977 57978 57969 57986 57987
57969 57971 4292 57975 57977 57978 57984 57986 57987
57978 57971 4292 57975 57977 57969 57984 57986 57987
4292 57975 57971 57977 57978 57969 57984 57986 57987
37579 
57987 57971 4292 57975 57977 57978 57969 57984 57986
57975 57971 4292 57977 57978 57969 57984 57986 57987
57971 4292 57975 57977 57978 57969 57984 57986 57987
57977 57971 4292 57975 57978 57969 57984 57986 57987
57986 57971 4292 57975 57977 57978 57969 57984 57987
28176 
87667 87663 87664 87665 87666 87668 87669 87670
50227 50229
43378 43374 43380
28002 27212
43374 43378 43380
28009 28140 27212
99034 
30707 
58332 
27212 28002 28009 28016
34863 
3997 
67919 
43380 43374 43378
56658 56663 56667 56668 56669 56670 56671
56667 56663 56668 56658 56669 56670 56671
56663 56667 56668 56658 56669 56670 56671
56668 56669 56663 56667 56658 56670 56671
56670 56671 56663 56667 56668 56658 56669
50229 50227
87668 87663 87664 87665 87666 87667 87669 87670
77022 
56671 56663 56667 56668 56658 56670
87666 87663 87664 87665 87667 87668 87669 87670
87665 87666 87667 87668 87669
97662 97655 97656 97657 97658 97659 97660 97661 97663 97664
97664 97655 97656 97657 97658 97659 97660 97661 97662 97663
97658 97655 97656 97657 97659 97660 97661 97662 97663 97664
42129 42130 42137
97656 97657 97655 97658 97659 97660 97661 97662 97663 97664
42137 42129 42130
57669 
97655 97656 97657 97658 97659 97660 97661 97662 97663 97664
97663 97655 97656 97657 97658 97659 97660 97661 97662 97664
87669 87665 87666 87667 87668
97660 97655 97656 97657 97658 97659 97661 97662 97663 97664
42130 42129 42137
97659 97660 97655 97656 97657 97658 97661 97662 97663 97664
97657 97658 97655 97656 97659 97660 97661 97662 97663 97664
97661 97662 97655 97656 97657 97658 97659 97660 97663 97664
84952 
99149 99146 99147 99148 99150 99151 99152 99153
99151 99146 99147 99148 99149 99150 99152 99153
99147 99146 99148 99149 99150 99151 99152 99153
99152 99146 99147 99148 99149 99150 99151 99153
28081 28016
28140 28009
86312 86309
99153 99146 99147 99148 99149 99150 99151 99152
38591 
87664 87667
99146 99147 99148 99149 99150 99151 99152 99153
99148 99149 99146 99147 99150 99151 99152 99153
99150 99151 99146 99147 99148 99149 99152 99153
28018 
28019 
94802 94793 94795 94797 94798 94800 94801 94803
98880 3997
88625 
77830 
87663 87664 87665 87666 87667 87668 87669 87670
1768 
58310 
94797 94793 94795 94798 94800 94801 94802 94803
94798 94793 94795 94797 94800 94801 94802 94803
94793 94795 94797 94798 94800 94801 94802 94803
94800 94793 94795 94797 94798 94801 94802 94803
2140 
86309 86312
94801 94793 94795 94797 94798 94800 94802 94803
28106 
94795 94797 94793 94798 94800 94801 94802 94803
85737 85736
28016 28081 27212
56669 56663 56667 56668 56658 56670 56671
94803 94793 94795 94797 94798 94800 94801 94802
85736 85737
87670 87663 87664 87665 87666 87667 87668 87669
88375 
88050 
95406 
