89979 89976 89985 90334 89986 90020 90304 90300 90317 90345
89976 89979
4770 4772 4773 4774 4776 4779 4780 4781 4782
89972 89976 89979
89974 89979
34695 34698 34705 34706 34707 34708 34709 34710 34711 34712 34713 34714 34715
4585 21247 21250 21251 21252 21157 21253 21254 21255 21256 21258 21259 21261
36905 22664 22671
68600 68608 68609 68601 68610 68611 68605 68612 16845
94613 94610 94611 9292 94616 94612 94621
4776 4780 4853 4770 4867
59166 59169 59170 59171 59174 59175 59176
1132 1100 43961 43964 43965 34021 34059
68601 68605 68600
68605 68600 68601
4780 4770 4776
13388 13391 13392
59170 59171 59166
59171 59170 59166
2716 
81977 81999 82000 50501 82001
78779 78794
4782 4772 4785 4770 4786 4806
34708 34731 34698 34705 34710 34711 34713 34714 34694
94611 94613
34698 34705 34708 34710 34711 34713 34714 34694
13391 13392 13388
13392 13391 13388
4781 4873 4872 4770 4876 4877
59984 60003 59983 59986 59987 59938 59988 59991 59992 59993
87667 87663 87664 87665 87666 87668 87669 87670
27352 
17107 4603
14082 
57304 57530
38664 38663 38662
27246 
11389 47227 32812
981 983 984 990 980 991 992 993 994 995 996 997 998 999
43964 43966 1132
21183 4585 5628 1222 21193 21194 21195 21185 21160
34021 43966 43964 1132
4772 4784 4785 4774 4770 4786 4787 4782
18392 22463 22464 22465
59991 59983 59984 59986 59987 59938 59988 59992 59993
37359 22875 37360
35967 
16845 68600 68601 68605
66538 66531 66535 66536 66537 66539 66540 66541 66543 66544 66545 66547
33761 58685 58684
59938 59983 59984 59986 59987 59988 59991 59992 59993
59986 59987 59983 59984 59938 59988 59991 59992 59993
99506 
59983 59984 59986 59987 59938 59988 59991 59992 59993
59988 59983 59984 59986 59987 59938 59991 59992 59993
38662 38663 38664 38666
59987 59983 59984 59986 59938 59988 59991 59992 59993
66539 66540 66531 66535 66536 66537 66538 66541 66543 66544 66545 66547
59992 59993 59983 59984 59986 59987 59938 59988 59991
59993 59983 59984 59986 59987 59938 59988 59991 59992
22875 37358 37359 37360
34711 34713 34698 34705 34708 34710 34767 34714 34694
983 984 990 980 991 992 993 994 995 996 997 998 999 981
3324 
4785 4784 4774 4770 4787 4782
4774 12228 4787 4785 4770 4782
34713 34698 34731 34705 34708 34710 34711 34714 34694
34705 34698 34708 34710 34711 34713 34714 34694
32183 
13234 
34710 34698 34705 34708 34711 34713 34714 34694
80837 
29624 
34106 
34714 34698 34731 34705 34708 34710 34711 34713 34694
73282 38561
4853 4770 4776 4780
36984 
76417 
32812 11389
13390 13388
38663 38664 38662
61682 61684 61686 61688
43966 1132 43964
38561 73282
6531 13390
57104 
10998 92243 92246 92251 92252 92253 92254
87668 87663 87664 87665 87666 87667 87669 87670
28745 28658 28747
1222 
34059 43960 1100 43961 34021 1132
22664 36929 36905 22671
61688 61684 61686 61682
74849 74846 74848 74851 74852 74853 74855
87666 87663 87664 87665 87667 87668 87669 87670
74851 74846 74848 74849 74852 74853 74855
19493 19497 19498 19499 19501 19502 19503
4779 4772 4784 12220 4785 4770 4776 4806 4780 4782
87665 87666 87667 87668 87669
37360 22875 37359
74848 74849 74851 74852 74853 74855
50867 50868
4773 12220 4770 4776 4780
61686 61684 61688 61682
74853 74846 74848 74849 74851 74852 74855
57530 57304
11819 72516 72517 72518
74852 74846 74848 74849 74851 74853 74855
87669 87665 87666 87667 87668
66541 66538 66539
74855 74846 74848 74849 74851 74852 74853
87802 87805
4603 17101
16381 
12228 
38666 38663 38664 38662
34694 34710 34698 34705 34708 34711 34713 34714
66544 66531 66535 66536 66537 66538 66539 66540 66541 66543 66545 66547
5801 31670 31671 31672 31513 31673 31674 31675 31676
996 983 984 990 980 991 992 993 985 994 995 997 998 999 981
61684 61686 61688 61682
5283 5279
15661 15654 15660 15664 15667 15668 15669 15671 15672 15673
47529 47530 47528
22877 
50868 50867
4867 4776 4770 4780
40196 
66540 66535 38480 66538 66539 66541 66544
41718 41719 41720 41721 41722 41723
41721 41718 41719 41720 41722 41723
41722 41718 41719 41720 41721 41723
46862 46861
66535 66538 66539 66540 66541 66544
15654 15660 15661 15664 15667 15668 15669 15671 15672 15673
87664 87667
15668 15654 15660 15661 15664 15667 15669 15671 15672 15673
92253 92243 92246 92251 92252 92254 10998
5279 5283 5286
15669 15654 15660 15661 15664 15667 15668 15671 15672 15673
15673 15654 15660 15661 15664 15667 15668 15669 15671 15672
22369 22373
990 983 984 980 991 992 993 994 995 996 997 998 999 981
15671 15654 15660 15661 15664 15667 15668 15669 15672 15673
992 983 984 990 980 991 993 994 995 996 997 998 999 981
999 983 985 986 987 981 988
997 983 984 990 980 991 992 993 994 995 996 998 999 981
994 990 983 980 991 992 995 996 997 998 999 981
25202 54583 54595 54586 54587 54588 54589 54590 54592 54593 54594
15664 15654 15660 15661 15667 15668 15669 15671 15672 15673
15672 15654 15660 15661 15664 15667 15668 15669 15671 15673
17101 4603 17107
47528 47529
998 999 983 990 980 992 994 995 996 997 981
15667 15668 15654 15660 15661 15664 15669 15671 15672 15673
87663 87664 87665 87666 87667 87668 87669 87670
15660 15661 15654 15664 15667 15668 15669 15671 15672 15673
289 286 287 288 294
28658 28745 28747
14557 
21195 4585 5628 1222 21157 21183 21193 21194 21185
8270 8273 8274
54587 54583 54586 54588 54589 54590 21195 54592 54593 25202 54594
288 286 287 289
31671 31670 5801 31672 31513 31673 31674 31675 31676
81055 81047 22877 81052 81054 81058 81060
65610 
6330 6294 6331
5045 15996
54593 54583 54595 54586 54587 54588 54589 54590 21195 54592 25202 54594
81058 81047 22877 81052 81054 81055 81060
54586 54583 54595 54587 54588 54589 54590 21195 54592 54593 25202 54594
21259 25515
54590 54583 54595 54586 54587 54588 54589 54592 54593 25202 54594
72909 
28081 
41719 41720 41718 41721 41722 41723
41720 41721 41718 41719 41722 41723
41723 41718 41719 41720 41721 41722
54594 54583 54595 54586 54587 54588 54589 54590 21195 54592 54593 25202
87670 87663 87664 87665 87666 87667 87668 87669
54588 54583 54595 54586 54587 54589 54590 54592 54593 25202 54594
81060 81047 22877 81052 81054 81055 81058
92246 92243 92251 92252 92253 92254 10998
47530 47528 47529
88154 88149 88157 3982
61845 61836 61843 61846
995 983 990 992 994 996 997 998 981
54583 54595 54586 54587 54588 54589 54590 21195 54592 54593 25202 54594
31675 31670 31671 5801 31672 31513 31673 31674 31676
31676 31670 31671 5801 31672 31513 31673 31674 31675
54592 54593 54583 54595 54586 54587 54588 54589 54590 21195 25202 54594
5049 5036 5037 5038 5040 5041 5042 15996 5043 5045 5046 5048 5050
31672 31670 31671 5801 31513 31673 31674 31675 31676
49372 55727 86419
32184 32410 9914
22671 36929 36905 22664
31513 31670 31671 5801 31672 31673 31674 31675 31676
31674 31670 31671 5801 31672 31513 31673 31675 31676
5037 5036 5038 5040 5041 5042 5043 5045 5046 5048 5049 5050
286 287 288 289
287 288 286 289
31673 31670 31671 5801 31672 31513 31674 31675 31676
5041 5036 5037 5038 5040 5042 5043 5045 5046 5048 5049 5050
21157 21261 4585 21253
43961 43964 43965 34021 34059 1132
74846 74848 74849 74851 74852 74853 74855
5046 5036 5037 5038 5040 5041 5042 5043 5045 5048 5049 5050
4872 4781 4770
82993 
63779 
5050 5036 5037 5038 5040 5041 5042 5043 5045 5046 5048 5049
15996 5046 5036 5037 5038 5040 5041 5042 5043 5045 5048 5049 5050
5042 5036 5037 5038 5040 5041 5043 5045 5046 5048 5049 5050
75447 
5043 5036 5037 5040 5041 5042 5045 5046 5048 5049 5050
5040 5036 5037 5038 5041 5042 5043 5045 5046 5048 5049 5050
55727 
19497 19499 19501 19502 19503
31670 31671 5801 31672 31513 31673 31674 31675 31676
5036 5037 5038 5040 5041 5042 5043 5045 5046 5048 5049 5050
79689 79698 79702 79703 79704 79705 79707 79708
42761 
5048 5036 5037 5040 5041 5042 5043 5045 5046 5049 5050
15950 15955
21253 4585 1222 21261
58620 58630
68483 68484 68485
980 983 984 985 986 987 981 988
21274 4585
54589 54590 54583 54595 54586 54587 54588 21195 54592 54593 25202 54594
5714 74913 74914 74915 74916 6060 74917 74918 74919 74920 74921
75427 75472 75447
50531 50527 50528 50529 50530 50532 50533
50533 50527 50528 50529 50530 50531 50532
81047 22877 81052 81054 81055 81058 81060
21992 21995 21997 21999
81052 81047 22877 81054 81055 81058 81060
46153 46145
87067 22875 37359 37360
58684 33761
50530 50527 50528 50529 50531 50532 50533
50532 50527 50528 50529 50530 50531 50533
79204 
56635 
3982 88149 88151 88153
3095 3115
32916 32926
4786 61576
50527 50528 50529 50530 50531 50532 50533
50529 50527 50528 50530 50531 50532 50533
72516 72517 72518 11819
72517 72518 72516 11819
72518 72516 72517 11819
91439 
50528 50529 50527 50530 50531 50532 50533
24469 46912
82574 82582
14602 
73523 73479
86119 
15354 15356
47227 11389
46145 46153
15955 
80606 80599 80600 80601 80602 80603 80605 80598
73479 73522 73523
3115 54453
4787 4784 4785 4770 4782 4867 4853
36929 22664 22671
55192 
5286 5279
19522 19529 19520
83034 83035
11505 11502 11503 11504
2009 86161 86162 86164 86165 86166 86167 86170 86171
68609 68600 68601 68605 16845
61843 61845 61846
86167 86164 2009
32538 32547
81054 81055 81047 22877 81052 81058 81060
93262 93267
93267 93262
21261 21247 21252 21157 21254 21255 21256 21258
95960 
15193 15190 15191 15192 15194
5038 5036 5037 5040 5041 5042 5043 5045 5046 5048 5049 5050
66545 66547 66531 66535 66536 66537 66538 66539 66540 66541 66543 66544
80599 80600 80601 80602 80603 80605 80598 80606
80600 80599 80601 80602 80603 80605 80598 80606
66531 66535 66536 66537 66538 66539 66540 66541 66543 66544 66545 66547
1859 1837 1843 1847
61493 
81538 
19832 
87841 
27382 
66537 66539 66531 66535 66536 66538 66540 66541 66543 66544 66545 66547
58685 33761
985 983 990 980 992 994 995 996 997 998 999 981
80601 80599 80600 80602 80603 80605 80598 80606
80602 80599 80600 80601 80603 80605 80598 80606
80605 80599 80600 80601 80602 80603 80598 80606
80598 80599 80600 80601 80602 80603 80605 80606
991 983 984 990 980 992 993 994 995 996 997 998 999 981
40072 40093
66547 66531 66535 66536 66537 66538 66539 66540 66541 66543 66544 66545
5628 4585 21183
60978 
66543 66545 66531 66535 66536 66537 66538 66539 66540 66541 66544 66547
86164 86165 86161 86162 86166 86167 2009 86170 86171
46861 46862
66536 66531 66535 66537 66538 66539 66540 66541 66543 66544 66545 66547
21255 4585 21251 21157 21253 21183 21193 21195 21185 21160
44018 
59084 59085
26060 
19502 19497 19498 19499 19493 19501 19503
19503 19497 19498 19499 19501 19502
32176 32165 32168 32169 32171 32173 32174 32175 32178 32181 32182
38480 38479 38482
54453 54455
56993 
984 983 990 980 991 992 993 994 995 996 997 998 999 981
15192 15190 15191 15194 15193
60003 
80319 61877
19499 19498 19501 19497 19502 19503
43336 43346 43347 43339 43348 43349
43339 43348 43346 43347 43336 43349
82000 82002 81977
75444 75454 75450 75451 75452 75453 75457 75460 75447 75461
38482 38479 38480
1837 1849
31455 31450 31465 31458
32165 32168 32183 32169 32184 32171 32173 32174 32175 15950 32176 32178 32181 32182
21995 21997 21992 21999
21997 21992 21995 21999
21999 21995 21997 21992
44345 74190 74191 74192 74195 74196 74197 74198 74199 74206 74200 44350 10191 74205
74200 74190 74191 74192 74195 74196 74197 74198 44345 74199 74206 44350 10191 74205
44350 74190 74191 74192 74195 74196 74197 74198 44345 74199 74206 74200 10191 74205
19529 19522
987 983 990 980 992 994 995 996 997 998 999 981
988 983 990 980 992 994 995 996 997 998 999 981
74197 74190 74191 74192 74195 74196 74198 44345 74199 74206 74200 44350 10191 74205
74198 44345 74190 74191 74192 74195 74196 74197 74199 74206 74200 44350 10191 74205
10191 74190 74191 74192 74195 74196 74197 74198 44345 74199 74206 74200 44350 74205
32182 32165 32168 32169 32171 32173 32174 32175 32176 32178 32181
21160 21255 21183
30966 30973
74196 74197 74190 74191 74192 74195 74198 44345 74199 74206 74200 44350 10191 74205
74205 74190 74191 74192 74195 74196 74197 74198 44345 74199 74206 74200 44350 10191
32178 32165 32168 32169 32171 32173 32174 32175 32176 32181 32182
32181 32165 32168 32169 32171 32173 32174 32175 32176 32178 32182
74206 74200 74190 74191 74192 74195 74196 74197 74198 44345 74199 44350 10191 74205
74192 74195 74190 74191 74196 74197 74198 44345 74199 74206 74200 44350 10191 74205
74195 74190 74191 74192 74196 74197 74198 44345 74199 74206 74200 44350 10191 74205
11504 11499 11502 11503 11505 11506
19501 19502 19497 19498 19499 19503
81999 82002 81977
74190 74191 74192 74195 74196 74197 74198 44345 74199 74206 74200 44350 10191 74205
74191 74192 74190 74195 74196 74197 74198 44345 74199 74206 74200 44350 10191 74205
74199 74206 74190 74191 74192 74195 74196 74197 74198 44345 74200 44350 10191 74205
32175 32165 32168 32169 32171 32173 32174 32176 32178 32181 32182
84 85 86
82002 81983 81979 81980 81981 81982 81975
93261 
89985 89972 89974 89976 89979
32168 32165 32169 32171 32173 32174 32175 32176 32178 32181 32182
32171 32165 32168 32169 32173 32174 32175 32176 32178 32181 32182
32173 32165 32168 32169 32171 32174 32175 32176 32178 32181 32182
13861 
78794 78779
87410 
81979 81977
11502 11503 11499 11504 11505 11506
75233 
11499 11502 11503 11504 11505 11506
32169 32171 32165 32168 32173 32174 32175 32176 32178 32181 32182
1849 1837 1843 1847 1859
32174 32175 32165 32168 32169 32171 32173 32176 32178 32181 32182
40093 40072
11506 11499 11505
98298 
68484 
79702 79698 79713 79703 79704 79689 79717 79705 79707 79708
72130 
11503 11499 11502 11504 11505 11506
79698 79702 79713 79703 79704 79689 79717 79705 79707 79708
15190 15191 15192 15194 15193
15191 15190 15192 15194 15193
1100 43960 43961 34021 34059 1132
34294 64302 64303
79703 79698 79702 79713 79704 79689 79717 79705 79707 79708
68485 68483 68484
82120 82118 82117 82119 82121 82122
35352 35350
50137 50136
87805 87802
79707 79698 79702 79713 79703 79704 79689 79717 79705 79708
5250 
61085 
81983 81977
5378 5375 5376 5377 5379
29666 29647
1843 1837 1847 1859
36808 36809 36810 36811
97433 97429 97430 97431 97432 97434 97435 97436 97437
42517 42516 1714 42518 1412 1414 1418
6060 5714
79704 79717 79698 79702 79713 79703 79689 79705 79707 79708
28747 28658 28745
97434 97429 97430 97431 97432 97433 97435 97436 97437
10271 
1714 42516 42517 42518 1412 1414 1418
1418 42516 42517 1714 42518 1412 1414
9332 
82122 82118 82117 82119 82120 82121
72060 
38479 38480 38482
347 
29930 29961
97437 97429 97430 97431 97432 97433 97434 97435 97436
79708 79698 79702 79713 79703 79704 79689 79717 79707
1412 42516 42517 1714 42518 1414 1418
5375 5376 5377 5378 5379
5376 5377 5375 5378 5379
5377 5378 5375 5376 5379
5379 5375 5376 5377 5378
986 980 994 995 997 998 999 981
42518 42516 42517 1714 1412 1414 1418
1414 42516 42517 1714 42518 1412 1418
97430 97429 97431 97432 97433 97434 97435 97436 97437
97436 97429 97430 97431 97432 97433 97434 97435 97437
68381 
20739 20733 20735 20736 20738 20740 20741 20742
22893 
58688 33761
76850 
4239 4232 4234 4235 4236 4237 4238 4240
50501 82001 81999 81979 81980 81981 81982 81975 82000 81983
68389 
59174 59169 59170 59166 59171 59175 59176
4236 4232 4234 4235 4237 4238 4239 4240
93263 93266 93293
93266 93293 93263
97429 97430 97431 97432 97433 97434 97435 97436 97437
97431 97432 97429 97430 97433 97434 97435 97436 97437
97432 97433 97429 97430 97431 97434 97435 97436 97437
97435 97436 97429 97430 97431 97432 97433 97434 97437
9482 9481
71292 49652 3095 71291 71293 49682 71294
71294 49652 3095 71291 71292 71293 49682
8705 
8167 8137 8138 8139 8140
29263 29257 29261
47090 47091
20736 20738 20733 20735 20739 20740 20741 20742
75449 75450 75451 75452 75453 75454 75457 75460 75447 75461
87415 87407
87407 87415
4234 4232 4235 4236 4237 4238 4239 4240
29261 29257 29263
90020 89972 89974 89976 89979
4232 4234 4235 4236 4237 4238 4239 4240
82117 82118 82119 82120 82121 82122
57759 57758 57760 57761
12777 12791
74919 74913 74914 74915 74916 6060 74917 74918 74920 74921 5714
21185 21183 25300
82001 82002 81977
54595 54583 54586 54587 54588 54589 54590 54592 54593 25202 54594
69164 93261 93262 93263 93266 93267
20733 20735 20736 20738 20739 20740 20741 20742
20735 20736 20733 20738 20739 20740 20741 20742
20738 20739 20733 20735 20736 20740 20741 20742
20740 20741 20733 20735 20736 20738 20739 20742
20741 20742 20733 20735 20736 20738 20739 20740
20742 20733 20735 20736 20738 20739 20740 20741
42516 42517 1714 42518 1412 1414 1418
36809 36810 36808 36811
36810 36811 36809 36808
36811 36809 36808 36810
71291 49652 3095 71292 71293 49682 71294
71293 49652 71291 71292 49682 71294
38722 38714 38715 38716 38717 38718 38719 38720 38721 38723 38724 38725
47091 47090
43965 34021 34059 43961 43964 1132
38716 38714 38715 38717 38718 38719 38720 38721 38722 38723 38724 38725
74921 74913 74914 74915 74916 6060 74917 74918 74919 74920 5714
68610 68611 68600 68608 68609 68601 68605 68612 16845
8140 8137 8138 8139 8167
81980 81977
15194 15190 15191 15192 15193
38724 38714 38715 38716 38717 38718 38719 38720 38721 38722 38723 38725
30973 30966
74914 74913 74915 74916 6060 74917 74918 74919 74920 74921 5714
29961 29930
62619 
49652 3095 71291 71292 71293 49682 71294
49682 49652 3095 71291 71292 71293 71294
74913 74914 74915 74916 6060 74917 74918 74919 74920 74921 5714
74916 74913 74914 74915 6060 74917 74918 74919 74920 74921 5714
74918 74913 74914 74915 74916 6060 74917 74919 74920 74921 5714
64025 
8139 8140 8137 8138 8167
441 
7673 33285
4876 4872 4770 4781
38721 38714 38715 38716 38717 38718 38719 38720 38722 38723 38724 38725
38723 38714 38715 38716 38717 38718 38719 38720 38721 38722 38724 38725
57758 57759 57760 57761
4235 4232 4234 4236 4237 4238 4239 4240
4237 4238 4232 4234 4235 4236 4239 4240
4238 4239 4232 4234 4235 4236 4237 4240
74915 74913 74914 74916 6060 74917 74918 74919 74920 74921 5714
74917 74913 74914 74915 74916 6060 74918 74919 74920 74921 5714
74920 74913 74914 74915 74916 6060 74917 74918 74919 74921 5714
85 84 86
86 85 84
38720 38714 38715 38716 38717 38718 38719 38721 38722 38723 38724 38725
80603 80599 80600 80601 80602 80605 80598 80606
51370 51372 51373 51374 51375
38719 38720 38714 38715 38716 38717 38718 38721 38722 38723 38724 38725
11363 
59175 59176 59169 59170 59166 59171 59174
82118 82119 82117 82120 82121 82122
82119 82120 82118 82117 82121 82122
82121 82122 82118 82117 82119 82120
94621 94611 94613
4240 4232 4234 4235 4236 4237 4238 4239
38714 38715 38716 38717 38718 38719 38720 38721 38722 38723 38724 38725
38715 38716 38714 38717 38718 38719 38720 38721 38722 38723 38724 38725
38717 38718 38714 38715 38716 38719 38720 38721 38722 38723 38724 38725
38718 38719 38714 38715 38716 38717 38720 38721 38722 38723 38724 38725
38725 38714 38715 38716 38717 38718 38719 38720 38721 38722 38723 38724
78141 1132
79717 79698 79702 79713 79703 79704 79689 79705 79707 79708
68612 68610 68600 68609 68601 68605 16845
8137 8138 8139 8140 8167
8138 8137 8139 8140 8167
46105 46107 46115 46116 46117 46118 46119 46120 46121 46122 46123
75461 75450 75449 75451 75452 75453 75454 75472 75457 75444 75460 75447
9245 89229 89230 89227 89231
86166 86161 86162 86164 86165 86167 2009 86170 86171
61836 61843 61845 61846
8800 8789 8792 8794 8799 8705 8801
75472 75453 75450 75451 75452 75454 75457 75460 75447 75461
46115 46116 46107 46117 46118 46119 46120 46121 46122 46105 46123
46118 46119 46107 46115 46116 46117 46120 46121 46122 46105 46123
1847 2650
4784 4785 4770 4787 4782
78816 78818
78818 78816
79713 79703 79698 79702 79704 79689 79717 79705 79707 79708
8789 8792 8794 8800 8705 8801
8794 8789 8792 8800 8705 8801
90334 89972 89974 89976 89986 89979
21894 
74742 
57760 57758 57759 57761
57761 57758 57759 57760
79705 79707 79698 79702 79713 79703 79704 79689 79717 79708
9292 94610 94611 94612 94613
92243 92246 92251 92252 92253 92254 10998
90538 90539 90540
90539 90538 90540
90540 90538 90539
46119 46107 46115 46116 46117 46118 46120 46121 46122 46105 46123
46121 46122 46107 46115 46116 46117 46118 46119 46120 46105 46123
59176 59169 59170 59166 59171 59174 59175
50296 
72129 72130
20984 
46122 46123 46107 46115 46116 46117 46118 46119 46120 46121 46105
43346 43347 43336 43339 43348 43349
43347 43339 43346 43336 43348 43349
43348 43349 43346 43347 43336 43339
43349 43346 43347 43336 43339 43348
57495 57493 57494 57496
61877 80319
8801 8789 8792 8794 8799 8800 8705
35350 35352
9481 9482
46107 46115 46116 46117 46118 46119 46120 46121 46122 46105 46123
46116 46117 46107 46115 46118 46119 46120 46121 46122 46105 46123
46117 46118 46107 46115 46116 46119 46120 46121 46122 46105 46123
46120 46121 46107 46115 46116 46117 46118 46119 46122 46105 46123
46123 46107 46115 46116 46117 46118 46119 46120 46121 46122 46105
4877 4872 4873 4770 4876 4781
89227 89229 89230 89231 9245
21229 
93293 93263 93266
21193 4585 5628 1222 21183 21194 21195 21185 21160
31458 31450 31465 31455
59085 59084
75693 75743
77412 
28388 
89785 
64212 
15364 4770 4786
40308 40309 40284 40287 40288 40296 40299 40301 40305 40306 40310 40311
50136 
10697 10702 10703 10704 10705
61828 80387
77753 
97978 
75452 75450 75449 75451 75453 75454 75472 75457 75444 75460 75447 75461
81982 81977
75460 75450 75449 75451 75452 75453 75454 75472 75457 75444 75447 75461
22464 18392
22463 
22465 18391
29618 
61504 61505
2301 
75453 75450 75449 75451 75452 75759 75454 75472 75760 75762 75457 75444 75763 75460 75447 75461
993 983 984 990 980 992 994 995 996 997 998 999 981
75451 75450 75449 75452 75453 75454 75472 75457 75444 75460 75447 75461
34776 55994 55996 55997 55998
59169 59175 59170 59166 59171 59174 59176
88126 88129
88151 88153 3982
88153 88151 3982
75457 75450 75449 75451 75452 75453 75454 75472 75444 75460 75447 75461
51372 51373 51370 51374 51375
51373 51374 51370 51372 51375
51374 51375 51370 51372 51373
51375 51370 51372 51373 51374
8792 8789 8794 8799 8800 8705 8801
75450 75449 75451 75452 75453 75454 75472 75457 75444 75460 75447 75461
15592 5030
18561 
2650 1843 1859
57494 57493 57495 57496
57621 
5609 51419 51421 51422
92252 92251 92243 92246 92253 92254 10998
294 347 39321
62089 
9913 4770
67360 
61846 61836 61843 61845
64303 
91115 91112 91113 91117
81975 81976 81977
40306 40308 40284 40287 40288 40296 40299 40301 40305 40309 40310 40311
24535 
61679 61682
92251 92243 92246 92252 92253 92254 10998
15712 15710
15356 15354 15352
34023 1132
68608 68609 68600 68601 68605 16845
68611 68600 68609 68601 68610 68605 68612 16845
6294 6330
6331 6330
40299 40284 40287 40288 40296 40301 40305 40306 40308 40309 40310 40311
25300 21183 4585 21185 21160
31524 31518 31520 31521 31522 31523 31526 31528 31529
12912 12913
5030 15592
75454 75450 75451 75452 75453 75457 75460 75447 75461
59185 59170 59166 59171
14396 
15352 15354
91113 91112 91114 91115 91116 91117
10703 10697 10702 10704 10705
31518 31520 31521 31522 31523 31524 31526 31528 31529
31528 31518 31520 31521 31522 31523 31524 31526 31529
35047 35004
75743 75693
22446 
64939 
11978 
44003 
80387 61828 61833
23603 23604
72683 72687 72688 72689
72687 72688 72683 72689
72688 72689 72683 72687
72689 72683 72687 72688
89231 89229 89230 89227 9245
89230 89229 89227 89231 9245
24100 24093 24095 24099 24101 24105 24107 24109
88129 88126
34731 34698 34705 34708 34710 34711 34713 34714 34694
94612 94611 9292 94613
57493 57494 57495 57496
57496 57493 57494 57495
33285 7673
21194 21183
4873 4872 4770 4876 4877
15115 15109 15110 15111 15112 15114
24099 24093 24095 24100 24101 24105 24107 24109
24109 24093 24095 24099 24100 24101 24105 24107
24095 24093 24099 24100 24101 24105 24107 24109
54343 
86170 86161 86162 86164 86165 86166 86167 2009 86171
31520 31521 31518 31522 31523 31524 31526 31528 31529
31522 31523 31518 31520 31521 31524 31526 31528 31529
31529 31518 31520 31521 31522 31523 31524 31526 31528
88149 88154 88157
81976 81979 81980 81981 81982 81975 81983
37358 37359 22875 37360
31521 31522 31518 31520 31523 31524 31526 31528 31529
31523 31524 31518 31520 31521 31522 31526 31528 31529
86161 86162 86164 86165 86166 86167 2009 86170 86171
21258 4585 21157 21254 21183 21894
90317 89972 89974 89976 89979
21252 4585
61505 61504
31526 31528 31518 31520 31521 31522 31523 31524 31529
82582 82574
91117 91112 91113 91114 91115 91116
55997 34776 55994 55996 55998
15114 15109 15110 15111 15112 15115
29647 29666
31450 31465 31455 31458
24101 24093 24095 24099 24100 24105 24107 24109
24105 24107 24093 24095 24099 24100 24101 24109
34706 
34707 
34709 34694 34695
34712 
34715 
19498 19497 19493
54008 54011 54014
15710 15712
93934 93936
13862 13861
10702 10703 10697 10704 10705
10704 10705 10697 10702 10703
10705 10697 10702 10703 10704
44964 44962 44963 44965
86171 86161 86162 86164 86165 86166 86167 2009 86170
73522 73479
29257 29261 29263
86162 86164 86161 86165 86166 86167 2009 86170 86171
89229 89230 89227 89231 9245
91112 91113 91114 91115 91116 91117
81981 81977
21254 21247 4585 21251 21157 21253 21255 21259 21274 21261
49694 49693 49695 49696 49698
49698 49693 49694 49695 49696
24107 24093 24095 24099 24100 24101 24105 24109
48048 
18391 22446 18392
12913 
8273 8274 8270
15112 15114 15109 15110 15111 15115
15111 15109 15110 15112 15114 15115
21256 4585 21183 21193 21194 21195 21160
55998 34776 55994 55996 55997
9914 32184 15950
88417 
49695 49693 49694 49696 49698
33218 
64302 34294
83035 83034
24093 24095 24099 24100 24101 24105 24107 24109
23604 23605
40310 40284 40287 40288 40296 40299 40301 40305 40306 40308 40309 40311
46912 24469
71846 
89986 89972 89974 89976 89979
40309 40284 40287 40288 40296 40299 40301 40305 40306 40308 40310 40311
86165 86166 86161 86162 86164 86167 2009 86170 86171
51421 51419 5609 51422
51422 51419 5609 51421
4852 4770 4867 4853
4806 4770 4776 4780 4782
21250 21274
21251 4585 21258
29932 
88157 88149 88154
40311 40284 40287 40288 40296 40299 40301 40305 40306 40308 40309 40310
49693 49694 49695 49696 49698
49696 49695 49693 49694 49698
75759 75760 76672 76673 75762 76674 75763 76676
43960 1100 43961 34021 34059 1132
93936 93934
34767 34698 34708 34695
12220 4770 4776
77517 
40287 40284 40288 40296 40299 40301 40305 40306 40308 40309 40310 40311
40296 40284 40287 40288 40299 40301 40305 40306 40308 40309 40310 40311
15109 15110 15111 15112 15114 15115
15110 15111 15109 15112 15114 15115
40284 40287 40288 40296 40299 40301 40305 40306 40308 40309 40310 40311
40288 40284 40287 40296 40299 40301 40305 40306 40308 40309 40310 40311
40305 40284 40287 40288 40296 40299 40301 40306 40308 40309 40310 40311
53050 
8274 8273 8270
83450 
61714 61710 61679
75760 76673 76672 75759 75762 76674 75763 76676
75762 76674 76672 75759 75760 76673 75763 76676
75763 76676 76672 75759 75760 76673 75762 76674
80761 
58630 58620
90300 89972 89974 89976 89979
40301 40284 40287 40288 40296 40299 40305 40306 40308 40309 40310 40311
93933 93936
8799 
92254 92243 92246 92251 92252 92253 10998
61576 4770 15364 4786 4782
54455 
94616 94611 94613
46208 
32547 32538
35004 35047
94610 94611 9292 94613
29736 
55994 55996 34776 55997 55998
55996 55997 34776 55994 55998
32926 32916
32017 
76853 
61833 61828
12791 
54011 54008 35350 54014
72597 72583 72586 72588 72589 72590 72383 72594 72595 72598 72599
21247 4585 21251 21253 21254 21274 21261
99012 
45998 
26869 
27426 
27660 
39321 294
72598 72583 72586 72588 72589 72590 72383 72594 72595 72597 72599
72589 72583 72586 72588 72590 72383 72594 72595 72597 72598 72599
91116 91112 91113 91114 91115 91117
50169 
76673 75762 76672 75759 75760 76674 75763 76676
76674 76672 75759 75760 76673 75762 75763 76676
90304 89972 89974 89976 89979
72583 72586 72588 72589 72590 72383 72594 72595 72597 72598 72599
78938 
32410 32184
22373 22369
72588 72583 72586 72589 72590 72383 72594 72595 72597 72598 72599
72586 72583 72588 72589 72590 72383 72594 72595 72597 72598 72599
72590 72583 72586 72588 72589 72383 72594 72595 72597 72598 72599
72383 72583 72586 72588 72589 72590 72594 72595 72597 72598 72599
72595 72583 72586 72588 72589 72590 72383 72594 72597 72598 72599
21075 
86419 55727
37551 
19520 19522
72594 72583 72586 72588 72589 72590 72383 72595 72597 72598 72599
72599 72583 72586 72588 72589 72590 72383 72594 72595 72597 72598
87573 
51419 5609 51421 51422
31465 31450 31455 31458
44962 44963 44964 44965
44963 44964 44962 44965
44965 44962 44963 44964
25515 
71694 
29076 
4196 
61710 61714 61679
76672 75759 75760 76673 75762 76674 75763 76676
76676 76672 75759 75760 76673 75762 76674 75763
91114 91112 91113 91115 91116 91117
23605 
90345 89972 89974 89976 89979
17480 17479
17479 17480
54014 54008 54011
45994 
