52201 52196 52197 11786 52195 52194 52200 52198 52199 52193 52192
52196 52201 52198 52192 52194 52195 52200 52199 52193 11786 52197
52197 52200 52193 52198 52196 52199 52194 52195 11786 52192 52201
52200 52196 52201 52197 11786 52199 52195 52194 52193 52198 52192
52198 52199 52195 52193 52194 52192 52201 52197 11786 52200 52196
52199 52196 52200 52197 52195 52194 52192 52193 52198 52201 11786
52192 52195 11786 52196 52201 52199 52198 52200 52194 52193 52197
52195 52200 52201 52197 52193 52196 52199 52198 11786 52194 52192
11786 52201 52198 52196 52195 52199 52194 52192 52200 52193 52197
52194 52195 11786 52201 52200 52196 52198 52192 52197 52199 52193
52193 52194 52196 52200 52197 52201 52198 11786 52199 52195 52192
14081 14079
14079 13370
13370 14075
14075 14076 14074
14076 14073
14073 14075
14074 2437
2437 2422
2422 117 4773 2421
117 2420 2421
2420 2422 117
4773 8980 2422 8977
8980 54320 4773
54320 8980
2421 2420 2422
8977 29131
29131 50850
50850 50849
50849 2912
2912 29137
29137 29139
29139 29192
29192 13947
13947 13952
13952 29153
29153 21998
21998 2825
2825 8611
8611 8638 8642 8643 8644 8640 8639 8609 8641
8638 8611 8648 8609 8640 8641 8644 8639 8643 8646 8642
8642 8644 8646 8641 8643 8645 8639 8609 8611 8640 8650
8644 8642 8641 8611 8640 8639 8645 8643 8646 8650 8609
8646 8643 8644 8639 8650 8611 8609 8645 8642 8640
8643 8640 8645 8646 8650 8611 8642 8609 8644 8639
8640 8643 8638 8645 8639 8611 8609 8641 8642 8646 8644
8645 8641 8650 8644 8646 8640 8609 8639 8611 8642 8643
8641 8638 8646 8642 8643 8649 8639 8611 8640 8644 8609
8648 8642 8640 8643
8609 8642 8644 8643 8639 8611 8640 8641 8645 8638 8646
8639 8644 8643 8642 8638 8609 8641 8640 8611 8649 8646
8650 8642 8611 8644 8641 8640 8643 8646 8645 8639 8609
8649 8638 8609 8639 8644 8646 8643 8641
54843 54838 54844
54838 54839 54842
54839 54844 54837 54842
54844 54842 54843 54833
54842 92545 54833 54844 54837 92546
92545 54842
54833 54832 54842 54845 34183
54832 54836 54837
54836 54841
54841 54832
54837 54839 54845 34183 54843
54845 54851 54848
54851 54852 54848 23371
54852 54850 54853 54837
54850 54852 54851
54853 54850
54848 54837 54852
34183 54849 54833 54851
54849 92571
92571 34183
92546 92548
92548 92552 92544 92547 92550 92549
92552 92548 92544 92554 92549 92547 92553 92551
92544 92551 92554 92548 92549 92556 92547 92552 89970
92551 92557 92547 92544 92553 92554
92557 92551
92547 92551 92550 92549 92552 92554 92548 92553 92544
92554 92548 92549 92544 92556 92553
92550 92548 92549 92544 92551
92549 92544 92552 92550 92548 92547
92556 92554 92551
92553 92552 92547 92549
89970 54844
23371 23375 16182 23373 16179 11427 23372 16181
23375 23373 16181 16182 16179 11427 11428 23371 47754 23372 23374
23373 23371 23380 23374 16182 23379 16179 23375 23372 16181 11427
16182 16181 11427 16179 23383 23371 23374 23373 11428 23372 23375
16181 23372 23374 23371 23378 16182 23373 16179 11427 23379 23380
23372 23373 16182 16179 11427 16181 23378 23371 23374 23379
23380 16181 23372 16179 23374 23382 23373 23379
23374 11428 23375 23372 16182 16179 23373 11427 23371 16181
11428 11427 23377 16182 16179 23376
11427 16182 16179 16181 23372 11428 23373 23376 23377
16179 23371 23375 23373 23372 11427 16181 16182 23374 11428
23378 23375 11427 23371 23372 16179 16181 16182 23379 23382
23379 16179 23371 16181 23372 23373 23378 23374 11427
23383 69227 16182 23375 16179 11427 23371
69227 23387
23387 16181 11427
23377 11428 16181 11427 23372 23376 69230 69231 69229
47754 47757 23372 16179 47756 23375
47757 47752 23371
47752 23372
23376 11427 16179 16182 11428 23377 23373 23384
47756 47757
23382 23383 23378 23372 23379
69230 11427 69232 69231
69231 69228 69230 23377 16181
69228 69233
69233 47751
47751 23371
69232 16179
69229 11427
23384 23387
30908 13810
13810 13681
13681 13774 13679
13774 13681
13679 13680
13680 13675
13675 13686
13686 
