89979 89976 89985 90334 90020
89976 89979
4770 4772 4773 4774 4776 4779 4780 4781 4782
89972 89976 89979
89974 89979
34695 34698 34705 34708 34710 34711 34713 34714
4585 21157 21253 21255 21259 21261
36905 22664 22671
68600 68609 68601 68610 68605 68612 16845
94613 94611 9292 94621
4776 4780 4853 4770 4867
59166 59169 59170 59171 59174 59175 59176
1132 1100 43961 43964 43965 34021 34059
68601 68605 68600
68605 68600 68601
4780 4770 4776
13388 13391 13392
59170 59171 59166
59171 59170 59166
2716 
81977 81999 82000 50501 82001
78779 78794
4782 4772 4785 4770 4786
34708 34698 34705 34710 34711 34713 34714 34694
94611 94613
34698 34705 34708 34710 34711 34713 34714 34694
13391 13392 13388
13392 13391 13388
4781 4872 4770 4876 4877
59984 60003 59983 59986 59987 59938 59988 59991 59992 59993
87667 87663 87664 87665 87666 87668 87669 87670
27352 
17107 4603
14082 
57304 57530
38664 38663 38662
27246 
11389 47227 32812
981 983 984 990 980 991 992 993 994 995 996 997 998 999
43964 43966 1132
21183 4585 5628 1222 21193 21195 21185 21160
34021 43966 43964 1132
4772 4784 4785 4774 4770 4786 4787 4782
18392 22463 22464 22465
59991 59983 59984 59986 59987 59938 59988 59992 59993
37359 22875 37360
35967 
16845 68600 68601 68605
66538 66531 66535 66536 66537 66539 66540 66541 66543 66544 66545 66547
33761 58685 58684
59938 59983 59984 59986 59987 59988 59991 59992 59993
59986 59987 59983 59984 59938 59988 59991 59992 59993
99506 
59983 59984 59986 59987 59938 59988 59991 59992 59993
59988 59983 59984 59986 59987 59938 59991 59992 59993
38662 38663 38664 38666
59987 59983 59984 59986 59938 59988 59991 59992 59993
66539 66540 66531 66535 66536 66537 66538 66541 66543 66544 66545 66547
59992 59993 59983 59984 59986 59987 59938 59988 59991
59993 59983 59984 59986 59987 59938 59988 59991 59992
22875 37359 37360
34711 34713 34698 34705 34708 34710 34714 34694
983 984 990 980 991 992 993 994 995 996 997 998 999 981
3324 
4785 4784 4774 4770 4787 4782
4774 12228 4787 4785 4770 4782
34713 34698 34705 34708 34710 34711 34714 34694
34705 34698 34708 34710 34711 34713 34714 34694
32183 
13234 
34710 34698 34705 34708 34711 34713 34714 34694
80837 
29624 
34106 
34714 34698 34705 34708 34710 34711 34713 34694
73282 38561
4853 4770 4776 4780
36984 
76417 
32812 11389
13390 13388
38663 38664 38662
61682 61684 61686 61688
43966 1132 43964
38561 73282
6531 13390
57104 
10998 92243 92246 92253
87668 87663 87664 87665 87666 87667 87669 87670
28745 28658 28747
1222 
34059 1100 43961 34021 1132
22664 36929 36905 22671
61688 61684 61686 61682
74849 74846 74848 74851 74852 74853 74855
87666 87663 87664 87665 87667 87668 87669 87670
74851 74846 74848 74849 74852 74853 74855
19493 19497 19499 19501 19502 19503
4779 4772 4784 4785 4770 4776 4780 4782
87665 87666 87667 87668 87669
37360 22875 37359
74848 74849 74851 74852 74853 74855
50867 50868
4773 4770 4776 4780
61686 61684 61688 61682
74853 74846 74848 74849 74851 74852 74855
57530 57304
11819 72516 72517 72518
74852 74846 74848 74849 74851 74853 74855
87669 87665 87666 87667 87668
66541 66538 66539
74855 74846 74848 74849 74851 74852 74853
87802 87805
4603 17101
16381 
12228 
38666 38663 38664 38662
34694 34710 34698 34705 34708 34711 34713 34714
66544 66531 66535 66536 66537 66538 66539 66540 66541 66543 66545 66547
5801 31670 31671 31672 31513 31673 31674 31675 31676
996 983 984 990 980 991 992 993 985 994 995 997 998 999 981
61684 61686 61688 61682
5283 5279
15661 15654 15660 15664 15667 15668 15669 15671 15672 15673
47529 47530 47528
22877 
50868 50867
4867 4776 4770 4780
40196 
66540 66535 38480 66538 66539 66541 66544
41718 41719 41720 41721 41722 41723
41721 41718 41719 41720 41722 41723
41722 41718 41719 41720 41721 41723
46862 46861
66535 66538 66539 66540 66541 66544
15654 15660 15661 15664 15667 15668 15669 15671 15672 15673
87664 87667
15668 15654 15660 15661 15664 15667 15669 15671 15672 15673
92253 92243 92246 10998
5279 5283 5286
15669 15654 15660 15661 15664 15667 15668 15671 15672 15673
15673 15654 15660 15661 15664 15667 15668 15669 15671 15672
22369 
990 983 984 980 991 992 993 994 995 996 997 998 999 981
15671 15654 15660 15661 15664 15667 15668 15669 15672 15673
992 983 984 990 980 991 993 994 995 996 997 998 999 981
999 983 985 986 987 981 988
997 983 984 990 980 991 992 993 994 995 996 998 999 981
994 990 983 980 991 992 995 996 997 998 999 981
25202 54583 54595 54586 54587 54588 54589 54590 54592 54593 54594
15664 15654 15660 15661 15667 15668 15669 15671 15672 15673
15672 15654 15660 15661 15664 15667 15668 15669 15671 15673
17101 4603 17107
47528 47529
998 999 983 990 980 992 994 995 996 997 981
15667 15668 15654 15660 15661 15664 15669 15671 15672 15673
87663 87664 87665 87666 87667 87668 87669 87670
15660 15661 15654 15664 15667 15668 15669 15671 15672 15673
289 286 287 288
28658 28745 28747
14557 
21195 4585 5628 1222 21157 21183 21193 21185
8270 
54587 54583 54586 54588 54589 54590 21195 54592 54593 25202 54594
288 286 287 289
31671 31670 5801 31672 31513 31673 31674 31675 31676
81055 81047 22877 81052 81054 81058 81060
65610 
6330 
5045 15996
54593 54583 54595 54586 54587 54588 54589 54590 21195 54592 25202 54594
81058 81047 22877 81052 81054 81055 81060
54586 54583 54595 54587 54588 54589 54590 21195 54592 54593 25202 54594
21259 
54590 54583 54595 54586 54587 54588 54589 54592 54593 25202 54594
72909 
28081 
41719 41720 41718 41721 41722 41723
41720 41721 41718 41719 41722 41723
41723 41718 41719 41720 41721 41722
54594 54583 54595 54586 54587 54588 54589 54590 21195 54592 54593 25202
87670 87663 87664 87665 87666 87667 87668 87669
54588 54583 54595 54586 54587 54589 54590 54592 54593 25202 54594
81060 81047 22877 81052 81054 81055 81058
92246 92243 92253 10998
47530 47528 47529
88154 3982
61845 61836 61843
995 983 990 992 994 996 997 998 981
54583 54595 54586 54587 54588 54589 54590 21195 54592 54593 25202 54594
31675 31670 31671 5801 31672 31513 31673 31674 31676
31676 31670 31671 5801 31672 31513 31673 31674 31675
54592 54593 54583 54595 54586 54587 54588 54589 54590 21195 25202 54594
5049 5036 5037 5038 5040 5041 5042 15996 5043 5045 5046 5048 5050
31672 31670 31671 5801 31513 31673 31674 31675 31676
49372 55727
32184 
22671 36929 36905 22664
31513 31670 31671 5801 31672 31673 31674 31675 31676
31674 31670 31671 5801 31672 31513 31673 31675 31676
5037 5036 5038 5040 5041 5042 5043 5045 5046 5048 5049 5050
286 287 288 289
287 288 286 289
31673 31670 31671 5801 31672 31513 31674 31675 31676
5041 5036 5037 5038 5040 5042 5043 5045 5046 5048 5049 5050
21157 21261 4585 21253
43961 43964 43965 34021 34059 1132
74846 74848 74849 74851 74852 74853 74855
5046 5036 5037 5038 5040 5041 5042 5043 5045 5048 5049 5050
4872 4781 4770
82993 
63779 
5050 5036 5037 5038 5040 5041 5042 5043 5045 5046 5048 5049
15996 5046 5036 5037 5038 5040 5041 5042 5043 5045 5048 5049 5050
5042 5036 5037 5038 5040 5041 5043 5045 5046 5048 5049 5050
75447 
5043 5036 5037 5040 5041 5042 5045 5046 5048 5049 5050
5040 5036 5037 5038 5041 5042 5043 5045 5046 5048 5049 5050
55727 
19497 19499 19501 19502 19503
31670 31671 5801 31672 31513 31673 31674 31675 31676
5036 5037 5038 5040 5041 5042 5043 5045 5046 5048 5049 5050
79689 79698 79702 79703 79704 79705 79707 79708
42761 
5048 5036 5037 5040 5041 5042 5043 5045 5046 5049 5050
15950 15955
21253 4585 1222 21261
58620 
68483 68484 68485
980 983 984 985 986 987 981 988
21274 4585
54589 54590 54583 54595 54586 54587 54588 21195 54592 54593 25202 54594
5714 74913 74914 74915 74916 6060 74917 74918 74919 74920 74921
75427 75472 75447
50531 50527 50528 50529 50530 50532 50533
50533 50527 50528 50529 50530 50531 50532
81047 22877 81052 81054 81055 81058 81060
21992 21995 21997 21999
81052 81047 22877 81054 81055 81058 81060
46153 46145
87067 22875 37359 37360
58684 33761
50530 50527 50528 50529 50531 50532 50533
50532 50527 50528 50529 50530 50531 50533
79204 
56635 
3982 
3095 3115
32916 
4786 
50527 50528 50529 50530 50531 50532 50533
50529 50527 50528 50530 50531 50532 50533
72516 72517 72518 11819
72517 72518 72516 11819
72518 72516 72517 11819
91439 
50528 50529 50527 50530 50531 50532 50533
24469 
82574 
14602 
73523 73479
86119 
15354 
47227 11389
46145 46153
15955 
80606 80599 80600 80601 80602 80603 80605 80598
73479 73523
3115 54453
4787 4784 4785 4770 4782 4867 4853
36929 22664 22671
55192 
5286 5279
19522 19529
83034 
11505 11502 11503 11504
2009 86164 86166 86167
68609 68600 68601 68605 16845
61843 61845
86167 86164 2009
32538 
81054 81055 81047 22877 81052 81058 81060
93262 93267
93267 93262
21261 21157 21255
95960 
15193 15190 15191 15192 15194
5038 5036 5037 5040 5041 5042 5043 5045 5046 5048 5049 5050
66545 66547 66531 66535 66536 66537 66538 66539 66540 66541 66543 66544
80599 80600 80601 80602 80603 80605 80598 80606
80600 80599 80601 80602 80603 80605 80598 80606
66531 66535 66536 66537 66538 66539 66540 66541 66543 66544 66545 66547
1859 1837 1843 1847
61493 
81538 
19832 
87841 
27382 
66537 66539 66531 66535 66536 66538 66540 66541 66543 66544 66545 66547
58685 33761
985 983 990 980 992 994 995 996 997 998 999 981
80601 80599 80600 80602 80603 80605 80598 80606
80602 80599 80600 80601 80603 80605 80598 80606
80605 80599 80600 80601 80602 80603 80598 80606
80598 80599 80600 80601 80602 80603 80605 80606
991 983 984 990 980 992 993 994 995 996 997 998 999 981
40072 40093
66547 66531 66535 66536 66537 66538 66539 66540 66541 66543 66544 66545
5628 4585 21183
60978 
66543 66545 66531 66535 66536 66537 66538 66539 66540 66541 66544 66547
86164 86166 86167 2009
46861 46862
66536 66531 66535 66537 66538 66539 66540 66541 66543 66544 66545 66547
21255 4585 21157 21253 21183 21193 21195 21185 21160
44018 
59084 59085
26060 
19502 19497 19499 19493 19501 19503
19503 19497 19499 19501 19502
32176 32165 32168 32169 32171 32173 32174 32175 32178 32181 32182
38480 38479 38482
54453 
56993 
984 983 990 980 991 992 993 994 995 996 997 998 999 981
15192 15190 15191 15194 15193
60003 
80319 61877
19499 19501 19497 19502 19503
43336 43346 43347 43339 43348 43349
43339 43348 43346 43347 43336 43349
82000 82002 81977
75444 75451 75452 75453 75460 75447 75461
38482 38479 38480
1837 1849
31455 31458
32165 32168 32183 32169 32184 32171 32173 32174 32175 15950 32176 32178 32181 32182
21995 21997 21992 21999
21997 21992 21995 21999
21999 21995 21997 21992
44345 74190 74191 74192 74195 74196 74197 74198 74199 74206 74200 44350 10191 74205
74200 74190 74191 74192 74195 74196 74197 74198 44345 74199 74206 44350 10191 74205
44350 74190 74191 74192 74195 74196 74197 74198 44345 74199 74206 74200 10191 74205
19529 19522
987 983 990 980 992 994 995 996 997 998 999 981
988 983 990 980 992 994 995 996 997 998 999 981
74197 74190 74191 74192 74195 74196 74198 44345 74199 74206 74200 44350 10191 74205
74198 44345 74190 74191 74192 74195 74196 74197 74199 74206 74200 44350 10191 74205
10191 74190 74191 74192 74195 74196 74197 74198 44345 74199 74206 74200 44350 74205
32182 32165 32168 32169 32171 32173 32174 32175 32176 32178 32181
21160 21255 21183
30966 30973
74196 74197 74190 74191 74192 74195 74198 44345 74199 74206 74200 44350 10191 74205
74205 74190 74191 74192 74195 74196 74197 74198 44345 74199 74206 74200 44350 10191
32178 32165 32168 32169 32171 32173 32174 32175 32176 32181 32182
32181 32165 32168 32169 32171 32173 32174 32175 32176 32178 32182
74206 74200 74190 74191 74192 74195 74196 74197 74198 44345 74199 44350 10191 74205
74192 74195 74190 74191 74196 74197 74198 44345 74199 74206 74200 44350 10191 74205
74195 74190 74191 74192 74196 74197 74198 44345 74199 74206 74200 44350 10191 74205
11504 11499 11502 11503 11505 11506
19501 19502 19497 19499 19503
81999 82002 81977
74190 74191 74192 74195 74196 74197 74198 44345 74199 74206 74200 44350 10191 74205
74191 74192 74190 74195 74196 74197 74198 44345 74199 74206 74200 44350 10191 74205
74199 74206 74190 74191 74192 74195 74196 74197 74198 44345 74200 44350 10191 74205
32175 32165 32168 32169 32171 32173 32174 32176 32178 32181 32182
84 85 86
82002 81983 81979 81980 81982
93261 
89985 89972 89974 89976 89979
32168 32165 32169 32171 32173 32174 32175 32176 32178 32181 32182
32171 32165 32168 32169 32173 32174 32175 32176 32178 32181 32182
32173 32165 32168 32169 32171 32174 32175 32176 32178 32181 32182
13861 
78794 78779
87410 
81979 81977
11502 11503 11499 11504 11505 11506
75233 
11499 11502 11503 11504 11505 11506
32169 32171 32165 32168 32173 32174 32175 32176 32178 32181 32182
1849 1837 1843 1847 1859
32174 32175 32165 32168 32169 32171 32173 32176 32178 32181 32182
40093 40072
11506 11499 11505
98298 
68484 
79702 79698 79713 79703 79704 79689 79717 79705 79707 79708
72130 
11503 11499 11502 11504 11505 11506
79698 79702 79713 79703 79704 79689 79717 79705 79707 79708
15190 15191 15192 15194 15193
15191 15190 15192 15194 15193
1100 43961 34021 34059 1132
34294 
79703 79698 79702 79713 79704 79689 79717 79705 79707 79708
68485 68483 68484
82120 82118 82117 82119 82121 82122
35352 35350
50137 50136
87805 87802
79707 79698 79702 79713 79703 79704 79689 79717 79705 79708
5250 
61085 
81983 81977
5378 5375 5376 5377 5379
29666 
1843 1837 1847 1859
36808 36809 36810 36811
97433 97429 97430 97431 97432 97434 97435 97436 97437
42517 42516 1714 42518 1412 1414 1418
6060 5714
79704 79717 79698 79702 79713 79703 79689 79705 79707 79708
28747 28658 28745
97434 97429 97430 97431 97432 97433 97435 97436 97437
10271 
1714 42516 42517 42518 1412 1414 1418
1418 42516 42517 1714 42518 1412 1414
9332 
82122 82118 82117 82119 82120 82121
72060 
38479 38480 38482
347 
29930 29961
97437 97429 97430 97431 97432 97433 97434 97435 97436
79708 79698 79702 79713 79703 79704 79689 79717 79707
1412 42516 42517 1714 42518 1414 1418
5375 5376 5377 5378 5379
5376 5377 5375 5378 5379
5377 5378 5375 5376 5379
5379 5375 5376 5377 5378
986 980 994 995 997 998 999 981
42518 42516 42517 1714 1412 1414 1418
1414 42516 42517 1714 42518 1412 1418
97430 97429 97431 97432 97433 97434 97435 97436 97437
97436 97429 97430 97431 97432 97433 97434 97435 97437
68381 
20739 20733 20735 20736 20738 20740 20741 20742
22893 
58688 33761
76850 
4239 4232 4234 4235 4236 4237 4238 4240
50501 82001 81999 81979 81980 81982 82000 81983
68389 
59174 59169 59170 59166 59171 59175 59176
4236 4232 4234 4235 4237 4238 4239 4240
93263 93266 93293
93266 93293 93263
97429 97430 97431 97432 97433 97434 97435 97436 97437
97431 97432 97429 97430 97433 97434 97435 97436 97437
97432 97433 97429 97430 97431 97434 97435 97436 97437
97435 97436 97429 97430 97431 97432 97433 97434 97437
9482 9481
71292 49652 3095 71291 71293 49682 71294
71294 49652 3095 71291 71292 71293 49682
8705 
8167 8137 8138 8139 8140
29263 29261
47090 47091
20736 20738 20733 20735 20739 20740 20741 20742
75449 75451 75452 75453 75460 75447 75461
87415 87407
87407 87415
4234 4232 4235 4236 4237 4238 4239 4240
29261 29263
90020 89972 89974 89976 89979
4232 4234 4235 4236 4237 4238 4239 4240
82117 82118 82119 82120 82121 82122
57759 57758 57760 57761
12777 
74919 74913 74914 74915 74916 6060 74917 74918 74920 74921 5714
21185 21183
82001 82002 81977
54595 54583 54586 54587 54588 54589 54590 54592 54593 25202 54594
69164 93261 93262 93263 93266 93267
20733 20735 20736 20738 20739 20740 20741 20742
20735 20736 20733 20738 20739 20740 20741 20742
20738 20739 20733 20735 20736 20740 20741 20742
20740 20741 20733 20735 20736 20738 20739 20742
20741 20742 20733 20735 20736 20738 20739 20740
20742 20733 20735 20736 20738 20739 20740 20741
42516 42517 1714 42518 1412 1414 1418
36809 36810 36808 36811
36810 36811 36809 36808
36811 36809 36808 36810
71291 49652 3095 71292 71293 49682 71294
71293 49652 71291 71292 49682 71294
38722 38714 38715 38716 38717 38718 38719 38720 38721 38723 38724 38725
47091 47090
43965 34021 34059 43961 43964 1132
38716 38714 38715 38717 38718 38719 38720 38721 38722 38723 38724 38725
74921 74913 74914 74915 74916 6060 74917 74918 74919 74920 5714
68610 68600 68609 68601 68605 68612 16845
8140 8137 8138 8139 8167
81980 81977
15194 15190 15191 15192 15193
38724 38714 38715 38716 38717 38718 38719 38720 38721 38722 38723 38725
30973 30966
74914 74913 74915 74916 6060 74917 74918 74919 74920 74921 5714
29961 29930
62619 
49652 3095 71291 71292 71293 49682 71294
49682 49652 3095 71291 71292 71293 71294
74913 74914 74915 74916 6060 74917 74918 74919 74920 74921 5714
74916 74913 74914 74915 6060 74917 74918 74919 74920 74921 5714
74918 74913 74914 74915 74916 6060 74917 74919 74920 74921 5714
64025 
8139 8140 8137 8138 8167
441 
7673 
4876 4872 4770 4781
38721 38714 38715 38716 38717 38718 38719 38720 38722 38723 38724 38725
38723 38714 38715 38716 38717 38718 38719 38720 38721 38722 38724 38725
57758 57759 57760 57761
4235 4232 4234 4236 4237 4238 4239 4240
4237 4238 4232 4234 4235 4236 4239 4240
4238 4239 4232 4234 4235 4236 4237 4240
74915 74913 74914 74916 6060 74917 74918 74919 74920 74921 5714
74917 74913 74914 74915 74916 6060 74918 74919 74920 74921 5714
74920 74913 74914 74915 74916 6060 74917 74918 74919 74921 5714
85 84 86
86 85 84
38720 38714 38715 38716 38717 38718 38719 38721 38722 38723 38724 38725
80603 80599 80600 80601 80602 80605 80598 80606
51370 
38719 38720 38714 38715 38716 38717 38718 38721 38722 38723 38724 38725
11363 
59175 59176 59169 59170 59166 59171 59174
82118 82119 82117 82120 82121 82122
82119 82120 82118 82117 82121 82122
82121 82122 82118 82117 82119 82120
94621 94611 94613
4240 4232 4234 4235 4236 4237 4238 4239
38714 38715 38716 38717 38718 38719 38720 38721 38722 38723 38724 38725
38715 38716 38714 38717 38718 38719 38720 38721 38722 38723 38724 38725
38717 38718 38714 38715 38716 38719 38720 38721 38722 38723 38724 38725
38718 38719 38714 38715 38716 38717 38720 38721 38722 38723 38724 38725
38725 38714 38715 38716 38717 38718 38719 38720 38721 38722 38723 38724
78141 1132
79717 79698 79702 79713 79703 79704 79689 79705 79707 79708
68612 68610 68600 68609 68601 68605 16845
8137 8138 8139 8140 8167
8138 8137 8139 8140 8167
46105 46107 46115 46116 46117 46118 46119 46120 46121 46122 46123
75461 75449 75451 75452 75453 75472 75444 75460 75447
9245 89227
86166 86164 86167 2009
61836 61843 61845
8800 8789 8794 8705 8801
75472 75453 75451 75452 75460 75447 75461
46115 46116 46107 46117 46118 46119 46120 46121 46122 46105 46123
46118 46119 46107 46115 46116 46117 46120 46121 46122 46105 46123
1847 
4784 4785 4770 4787 4782
78816 78818
78818 78816
79713 79703 79698 79702 79704 79689 79717 79705 79707 79708
8789 8794 8800 8705 8801
8794 8789 8800 8705 8801
90334 89972 89974 89976 89979
21894 
74742 
57760 57758 57759 57761
57761 57758 57759 57760
79705 79707 79698 79702 79713 79703 79704 79689 79717 79708
9292 94611 94613
92243 92246 92253 10998
90538 90539 90540
90539 90538 90540
90540 90538 90539
46119 46107 46115 46116 46117 46118 46120 46121 46122 46105 46123
46121 46122 46107 46115 46116 46117 46118 46119 46120 46105 46123
59176 59169 59170 59166 59171 59174 59175
50296 
72129 72130
20984 
46122 46123 46107 46115 46116 46117 46118 46119 46120 46121 46105
43346 43347 43336 43339 43348 43349
43347 43339 43346 43336 43348 43349
43348 43349 43346 43347 43336 43339
43349 43346 43347 43336 43339 43348
57495 
61877 80319
8801 8789 8794 8800 8705
35350 35352
9481 9482
46107 46115 46116 46117 46118 46119 46120 46121 46122 46105 46123
46116 46117 46107 46115 46118 46119 46120 46121 46122 46105 46123
46117 46118 46107 46115 46116 46119 46120 46121 46122 46105 46123
46120 46121 46107 46115 46116 46117 46118 46119 46122 46105 46123
46123 46107 46115 46116 46117 46118 46119 46120 46121 46122 46105
4877 4872 4770 4876 4781
89227 9245
21229 
93293 93263 93266
21193 4585 5628 1222 21183 21195 21185 21160
31458 31455
59085 59084
75693 
77412 
28388 
89785 
64212 
15364 4770 4786
40308 
50136 
10697 
61828 
77753 
97978 
75452 75449 75451 75453 75472 75444 75460 75447 75461
81982 81977
75460 75449 75451 75452 75453 75472 75444 75447 75461
22464 18392
22463 
22465 
29618 
61504 
2301 
75453 75449 75451 75452 75472 75444 75460 75447 75461
993 983 984 990 980 992 994 995 996 997 998 999 981
75451 75449 75452 75453 75472 75444 75460 75447 75461
34776 
59169 59175 59170 59166 59171 59174 59176
88126 
