70087 2941
2941 3011 3006 3008 3009
3011 49470 49476
49470 49506
49506 
61124 61085
61085 61125 61124 61126 61121
61125 61085
61126 61085
61121 
28290 28292 28293 28288
28292 28288 28290 28293
28288 28293 28292 28290
28293 28290 28292 28288
27786 27220
27220 27358 27783 27786 27782 27784 27787 27785
27358 27216 27218 27220 27657 27217 27656 27214 27224
27216 27751 27758 27755 27759 27756 27750 27760 27358
27751 27216
27758 27216
27755 27216
27759 27216
27756 27216
27750 27216
27760 27216
27218 27780 27776 27770 27781 27772 27779 27774 27358 27775 27778 27777 27773
27780 27218
27776 27218
27770 27218
27781 27218
27772 27218
27779 27218
27774 27218
27783 27220
27657 27358
27217 27767 27765 27358 27764 27766 27762 27763
27767 27217
27765 27217
27656 27768 27358
27768 27656
27214 27663 27662 27661 27664 27665 27660 27659 27358
27663 27214
27662 27214
27661 27214
27664 27704 27701 27705 27707 27700 27702 27706 27703 27214 27708
27704 27664 27728
27701 27712 27713 27710 27716 27715 27714 27711 27664
27712 27701
27713 27701
27710 27701
27716 27701
27715 27701
27714 27701
27711 27701
27705 27732 27734 27664 27733 27729 27735 27730
27732 27705
27734 27705
27707 27746 27744 27664 27743 27745
27746 27707
27744 27707
27700 27709 27664
27709 27700
27702 27717 27664
27717 27702
27706 27736 27664
27736 27706
27703 27722 27720 27725 27724 27727 27723 27721 27718 27719 27726 27664
27722 27703
27720 27703
27725 27703
27724 27703
27727 27703
27723 27703
27721 27703
27718 27703
27719 27703
27726 27703
27743 27707
27745 27707
27665 27214
27660 27699 27697 27214 27698
27699 27660
27697 27660
27659 27672 27680 27678 27673 27677 27214 27679 27675
27672 27659
27680 27659
27678 27659 27691 27695 27693
27673 27684 27659
27684 27673
27677 27690 27659
27690 27677
27764 27217
27766 27217
27762 27217
27763 27217
27775 27218
27778 27218
27777 27218
27773 27218
27782 27220
27784 27220
27787 27220
27785 27220
27224 27231 27349 27208 27345 27350 27351 27357
27231 27244 27249 27221 27224 27247 27245 27248 27210 27246
27244 27259 27265 27260 27256 27252 27262 27250 27231 27251 27263 27254 27261 27253 27266 27258 27267 27257 27255 27264
27259 27244
27265 27244
27260 27244
27256 27244
27252 27244
27262 27244
27250 27244
27249 27219 27231 27223 27334
27219 27336 27249 27339 27338 27335 27337
27336 27219
27221 27304 27305 27310 27297 27301 27298 27292 27300 27308 27303 27295 27231 27293 27307 27309 27306 27296 27311 27294
27304 27221
27305 27221 27326
27310 27331 27333 27332 27221
27331 27310
27333 27310
27332 27310
27297 27221 27317
27301 27221
27298 27221
27292 27221 27312
27300 27221
27308 27221
27317 27297
27303 27221 27325
27295 27221 27315
27312 27292
27293 27221 27313
27307 27328 27221
27328 27307
27309 27329 27330 27221
27329 27309
27330 27309
27325 27303
27306 27221
27313 27293
27296 27221 27316
27349 27601 27224
27601 27613 27616 27349 27610 27604 27606 27608 27607 27602 27611 27614 27603 27612 27615 27609
27613 27601
27616 27601
27610 27601
27604 27601
27606 27601
27608 27601
27607 27601
27602 27601
27611 27601
27614 27601
27603 27601
27612 27601
27615 27601
27609 27601
27208 27210 27221 27212
27210 27228 27235 27230 27236 27227 27238 27226 27239 27233 27234 27240 27225 27237 27232 27229 27231
27228 27210
27235 27210
27230 27210
27236 27210
27227 27210
27238 27210
27226 27210
27239 27210
27233 27210
27234 27210
27240 27210
27225 27210
27237 27210
27232 27210
27229 27242 27210 27241 27243
27242 27229
27247 27288 27287 27231
27288 27247
27287 27247
27245 27269 27231 27268
27269 27245
27223 27341 27344 27343 27342 27340 27249
27341 27223
27344 27223
27343 27223
27342 27223
27340 27223
27339 27219
27338 27219
27334 27249
27335 27219
27337 27219
27251 27244
27248 27291 27290 27231
27291 27248
27290 27248
27345 27224 27360 27361 27222
27316 27296
27311 27221
27326 27305
27315 27295
27294 27221 27314
27350 27224
27212 28007 28001 28016 28014 28005 28012 28011 28015 28002 28000 28010 27208
28007 28133 27212
28133 28007
28001 28038 27212 28039
28038 28001
28016 28003 28080 28083 27212 28081 28084
28003 28016
28080 28016
28083 28016
28039 28001
28014 27212
28005 27212 28119 28118
28012 28203 27212
28203 28012
28011 28177 28178 28176 27212
28177 28198 28011
28198 28177
28178 28199 28201 28202 28200 28011
28199 28178
28201 28178
28202 28178
28200 28178
28176 28192 28185 28186 28190 28189 28194 28179 28180 28187 28195 28193 28181 28191 28011
28192 28176
28185 28176
28186 28176
28190 28176
28189 28176
28194 28176
28179 28176
28180 28176
28187 28176
28195 28176
28193 28176
28181 28176
28191 28176
28119 28005
28118 28005
28015 28217 27212
28217 28220 28219 28218 28015
28220 28217
28219 28217
28218 28217
28002 28052 28040 28048 28046 28042 28041 28043 28047 28054 28051 28055 28049 28045 28044 28050 28053 27212
28052 28002
28040 28002
28048 28002 28067
28046 28064 28065 28002 28063 28062
28064 28046
28065 28046
28042 28002 28058
28041 28057 28002
28057 28041
28043 28002
28067 28048
28047 28066 28002
28066 28047
28054 28002 28073 28071 28070
28051 28068 28002
28068 28051
28055 28002 28077 28074 28075 28076
28077 28055
28074 28055
28075 28055
28076 28055
28049 28002
28045 28002 28061
28058 28042
28044 28059 28002
28059 28044
28050 28002
28073 28054
28071 28054
28070 28054
28061 28045
28053 28069 28002
28069 28053
28063 28046
28062 28046
28081 28097 28093 28016
28097 28081
28093 28081
28084 28016
28000 28017 28018 27212
28017 28021 28000
28021 28017
28018 28026 28027 28023 28024 28000
28026 28018
28027 28018
28023 28018
28024 28018
28010 28166 28173 28172 27212
28166 28010
28173 28010
28172 28010
27241 27229
27243 27229
27263 27244
27254 27244
27261 27244
27253 27244
27266 27244
27258 27244
27267 27244
27257 27244
27255 27244
27264 27244
27314 27294
27246 27278 27279 27273 27283 27271 27275 27277 27282 27274 27286 27272 27281 27270 27276 27284 27231
27278 27246
27279 27246
27273 27246
27283 27246
27271 27246
27275 27246
27277 27246
27282 27246
27274 27246
27286 27246
27272 27246
27281 27246
27270 27246
27276 27246
27284 27246
27268 27245
49298 49308
49308 49306 49300
49306 49302
49302 8
8 27 6 28 3 30 5 29
27 31 8 35
31 37 38
37 49273
49273 49348
49348 49350 49349
49350 
96609 96616
96616 96614
96614 96618
96618 96611
96611 25119
25119 49689 49688 49686 49690
49689 49688
49688 57700 49690 49684
57700 96903 96902
96903 96904 96906 96909 96907 96902 96901 96905 96379
96904 96909 96913 96901 96907 96903 96905 96908 96906 96902
96909 96902 96905 96918 96914 96917 96906 96915 96908 96904 96907
96902 96907 96906 96901 96909 96904 96908 96905
96907 96908 96902 96909 96904 96901 96906 96903 96905
96908 96918 96907 96904 96903 96902 96906 96909 96905
96918 96908
96906 96907 96905 96908 96902 96904 96909 96901
96901 96904 96903 96908 96909 96907 96905 96906 96902
96913 96904
96905 96916 96902 96908 96917 96903 96915 96909 96907 96904 96914 96906 96901
96916 96917 96905
96917 96916 96905 96914
96914 96905 96917 96915
96915 96914 96905
96379 96910 96911
96910 
96009 3010
3010 3034
3034 
27992 27211
27211 27789 27791 27790
27789 27795
27795 27843
27843 27211
27791 27211
27790 
71168 
3151 3166
3166 3162
3162 3173
3173 3135
3135 3137
3137 3130
3130 3145
3145 3126
3126 3021
3021 3192
3192 3073
3073 49631 49636
49631 49634
49634 49641 49635
49641 49636
49636 49634 49645
49635 49632
49632 49638
49638 
13589 13588
13588 1185
1185 
96550 96543
96543 96558 96541
96558 96541
96541 96543 25119
49690 57698 57701 57700
57698 96607
96607 96606 96604
96606 96603
96603 96607 96608
96604 96603
96608 61208
61208 25119
49686 61121 61120 61080
77914 
95796 3200
3200 3198
3198 
55109 55108 55106
55108 55112
55112 55109
55106 2103
2103 2108 2106 2113 2105
2108 2103 2116
2116 2108
2106 2107
2107 2115
2115 2112
2112 54688
54688 55094
55094 2103
2113 2108
2105 54691
54691 
54476 
13810 13561
13561 1115
1115 1084 1127 34012 1121
1084 1101 1110 1100 1118 1093 1122 1116 1115 1102 1119 1086 1094
1101 13547
13547 13661 1084
13661 1115 1096 1121
1127 14043
14043 14047
14047 1101
1110 13910 1084
13910 1110
1100 43961
43961 1132
1132 1084
1118 13514
13514 1084
1093 1105 13669
1105 13661
1096 1185
3163 3136
3136 3134
3134 3021
49645 49649 49650
49649 49645
49650 49651
49651 49663
49663 49654 49655 49657
49654 49655 49662 49663 49661
49655 49662 49654 49669 49671
49662 49663 49654
49657 49653
49653 49654
49661 49655
49669 49670 49663
49670 49666 49669
49666 49668
49668 49670
49671 49672
49672 2941
3006 3012
3012 3016
3016 3067
3067 3068
3068 3069
3069 3014
3014 3022
3022 3030
3030 
69930 69938
69938 2941
49476 49506
61226 49776
49776 49782
49782 49766
49766 49777
49777 57696 61207
57696 96564
96564 49777
61207 71131
71131 96728
96728 96737
96737 96736
96736 96737
96641 25119
61120 
57688 57689
57689 25119
57701 57706 57710
57706 57710 57708 57712 57709
57710 57709 57714 57705
57709 57706 57705 57708
57708 57706 57707
57712 57705 57707
57705 57709 57710 57711 57707
57714 57715 57717
57715 57718
57718 57701
57707 57705 57710
57711 57709
57717 57719
57719 
78029 13953
13953 13940 13942
13940 13943
13943 78027 13953
78027 13952
13952 13940
13942 1092
1092 13948
13948 13937
13937 13556
13556 1084
1122 13568
13568 77987
77987 13777
13777 13618 13566
13618 1084
1116 13806
13806 13809
13809 1104
1104 
26526 30612
30612 26524
26524 30615
30615 7330
7330 26525
26525 26527
26527 
13792 13771
13771 13765
13765 13766
13766 13770 13673
13770 13766
13673 1084
34012 43956
43956 43953
43953 43954 43955 13567
43954 43955
43955 43953
13567 13902
13902 
89893 89834
89834 89850 24244
89850 89843
89843 89834
24244 2714
2714 10263 2713
10263 10264 10266
10264 10265 2714
10265 2714
10266 2714
2713 
89708 89700
89700 89698 89708 89707 89704 89714 89703
89698 89700
89707 89700
89704 89700
89714 89700
89703 25119
96911 
54154 26023
26023 54169
54169 25119
61080 49743
49743 61082
61082 97454
97454 54115
54115 54118 54116 54120
54118 
71231 71230
71230 
54556 54562 54553 54570 54552 54566 54558 54554 54557 54571 54564 54560 54568 54569 54561 54563 54559 54555 54567 54550 54565
54562 54568 54550 54553 54567 54566 54552 54570 54565 54563 54559 54555 54554 54558 54556 54571 54557 54561 54560 54569 54564
54568 54550 54569 54555 54571 54563 54570 54560 54552 54567 54562 54556 54554 54557 54553 54566 54565 54561 54559 54558
54550 54553 54562 54566 54569 54558 54556 54567 54552 54563 54568 54565 54555 54559 54571 54557 54564 54561 54570 54560
54553 54560 54566 54558 54569 54550 54552 54567 54571 54563 54562 54568 54565 54555 54559 54570 54556 54554 54557 54564
54560 54568 54556 54569 54552 54566 54564 54562 54554 54557 54558 54565 54555 54570 54550 54563 54567 54559 54553
54569 54564 54566 54565 54570 54558 54555 54560 54567 54568 54554 54563 54561 54562 54552 54553 54557 54550 54559 54556 54571
54564 54559 54558 54556 54560 54565 54568 54555 54561 54569 54554 54563 54552 54553 54570 54567 54571 54557 54562 54566
54559 54557 54558 54560 54565 54562 54554 54564 54571 54570 54569 54553 54556 54555 54568 54561 54552 54567 54566 54550
54557 54553 54568 54570 54571 54559 54563 54560 54562 54564 54554 54552 54555 54561 54566 54550 54558 54569 54567 54556 54565
54566 54553 54555 54550 54554 54571 54567 54568 54561 54564 54560 54569 54562 54563 54558 54556 54552 54557 54565 54559 54570
54558 54559 54569 54565 54554 54566 54557 54571 54563 54553 54560 54552 54568 54561 54562 54555 54556 54567 54564 54550 54570
54555 54560 54554 54566 54558 54557 54563 54561 54550 54569 54570 54559 54562 54564 54568 54567 54565 54553 54556 54552
54565 54555 54557 54553 54570 54561 54564 54566 54558 54550 54567 54571 54556 54569 54552 54560 54562 54568 54563 54559 54554
54554 54564 54563 54550 54562 54553 54552 54569 54557 54567 54566 54568 54560 54555 54559 54565 54561 54570 54556 54571 54558
54563 54557 54561 54552 54571 54567 54556 54553 54550 54566 54558 54562 54555 54564 54569 54570 54560 54568 54559 54565 54554
54570 54569 54552 54553 54561 54566 54562 54563 54556 54555 54559 54567 54550 54565 54568 54558 54554 54564 54557 54560
54552 54554 54561 54563 54553 54566 54569 54560 54571 54558 54556 54562 54567 54565 54564 54568 54555 54559 54550 54570 54557
54567 54569 54556 54564 54554 54566 54563 54552 54550 54568 54570 54559 54555 54565 54557 54562 54558 54553 54571 54561 54560
54571 54560 54562 54559 54563 54553 54550 54552 54556 54561 54564 54555 54558 54565 54568 54567 54554 54570 54557 54569 54566
54561 54556 54567 54553 54552 54557 54571 54560 54568 54566 54562 54569 54564 54563 54570 54555 54558 54559 54565 54554
53780 
14146 14143 14150
14143 14148
14148 14146
14150 14124
14124 14134
14134 
49451 49454 49436
49454 49436
49436 49445 49434
49445 49428
49428 49451
49434 2941
3008 95982
95982 95981
95981 95989
95989 95994
95994 2941
3009 3074
3074 49625
49625 
96791 96796
96796 96791 49712
49712 49815 49813
49815 49876 49880 49877
49876 
57685 
28130 28006
28006 28121 28125 28129 28130 28124 28128
28121 28006
28125 28006
28129 28006
28124 28132 28006
28132 28124
28128 
27698 27660
27728 27704
27708 27664
27733 27705
27729 27705
27735 27705
27730 27705
27679 27659
27691 27678
27695 27678
27693 27678
27675 27659
10615 10305
10305 10283
10283 10289 10284
10289 10288
10288 10297 10284
10297 10292 10320 10284 10288
10292 
96987 
97237 97236
97236 
54837 54841
54841 
54116 25119 97095
49684 57704
57704 49806
49806 49815
49880 
97107 54115
97095 54115
54120 97152
97152 97161
97161 
97102 54115
49295 49293
49293 49300
49300 49296 49302
49296 49308
6 9 5 2 8
9 8 5 27
28 9 14 6 3
5 30 7 29 49275 8 2
30 14 5
14 3 28 8
3 2 28 49252 30
2 6 28 27
7 30
49252 8
29 9 2 79254
49275 8
79254 2
38 35
35 8 34
34 31
49349 49351
49351 49350
27502 27388
27388 27503 27494 27497 27501 27500 27502 27222
27503 27388
27494 27388
27497 27388
27501 27388
27500 27388
27222 27384 27345 27387 27391 27379 27392 27375 27385 27374 27382 27376 27380 27389 27390
27384 27488 27490 27487 27222
27488 27384
27490 27384
27487 27384
27360 27362 27345
27362 27360
27361 27363 27345 27367 27366 27371 27373 27372 27364 27369 27368 27370 27365
27363 27361
27351 27224
27357 27655 27224
27655 27357
27367 27361
27366 27361
27371 27361
27373 27361
27372 27361
27364 27361
27369 27361
27368 27361
27370 27361
27365 27361
27387 27222
27391 27523 27527 27534 27536 27539 27533 27525 27532 27530 27537 27222 27524 27528 27535 27526 27529 27531 27538
27523 27391
27527 27542 27391
27542 27527
27534 27391
27536 27391
27539 27391
27533 27391
27525 27391
27532 27391
27530 27391
27537 27391
27379 27454 27452 27453 27451 27222
27454 27379
27452 27379
27453 27379
27451 27379
27524 27391
27528 27391
27535 27545 27391
27545 27535
27392 27546 27550 27559 27547 27557 27560 27558 27555 27548 27551 27556 27552 27554 27222 27553
27546 27392
27550 27392
27559 27392
27547 27392
27557 27392
27560 27392
27558 27392
27555 27392
27548 27392
27551 27392
27556 27392
27552 27392
27554 27392
44147 44148
44148 13557
13557 1124 1084 1093
1124 13557 13661
1121 1115 1124
1102 1117
1117 13635
13635 
10267 10270
10270 10277
10277 10279 10278
10279 10278 10277
10278 10277 10279
64576 64584
64584 64586 64588
64586 64584
64588 
10465 10280
10280 10288
10320 10297
10284 10292 10297 2714
97314 97312
97312 97314 97313 97315 97158
97313 97312
97315 97317
97317 97312
97158 97193
97193 49512
49512 97207
97207 97223
97223 97228
97228 
44105 
97367 
96772 49827
49827 49712
49813 96789
96789 49712
49877 
6528 43976
43976 43987
43987 43977
43977 43981
43981 43978
43978 13798
13798 13804 13805 13557
13804 99323
99323 13804 13798
13805 43993
43993 13777
13566 13799
13799 13903
13903 13801
13801 13631
13631 1084
1119 43941 43942
43941 1119
43942 44080
44080 44082
44082 
1159 1142
1142 1149 1150 1086 1143 1084
1149 1151
1151 1084 1140
1086 1142 1146 1141
1150 1151
1140 1147 1142 1148
1147 1086
1146 1142
1141 1145
1145 1140
1143 1140
1148 1086
1094 13798
13669 
54175 54148
54148 54153
54153 54171 54201
54171 54168
54168 54153
54201 97362
97362 97368
97368 
27375 27397 27398 27403 27405 27404 27399 27402 27396 27400 27222
27397 27375
27398 27375
27403 27375
27405 27375
27404 27375
27399 27375
27402 27375
27396 27375
27400 27375
27385 27222
27374 27222 27393
27526 27391
27529 27544 27391 27543
27544 27529
27531 27391
27538 27391
27382 27478 27477 27222 27475 27474 27476
27478 27382
27477 27382
27376 27408 27407 27409 27222
27408 27376
27407 27376
27409 27376
27380 27464 27222
27464 27380
27393 27395 27374
27395 27393
27389 27222
27390 27522 27521 27517 27510 27520 27514 27516 27512 27519 27507 27515 27508 27222
27522 27390
27521 27390
27517 27390
27510 27390
27520 27390
27514 27390
27516 27390
27512 27390
27519 27390
27507 27390
27515 27390
27508 27390
27475 27382
27474 27382
27476 27382
27543 27529
27553 27392
10633 10281
10281 10283
97363 97391
97391 97392
97392 97397
97397 
95930 
97294 97208
97208 97230
97230 
90282 90293
90293 90164 90274
90164 90293
90274 89974
89974 90027 90083 90116 90104 90072 90089 90127 90208 90217 89991 90160 90242 89993 90268 90065
90027 90533 89976
90533 90027 89974
89976 90229 90144 90037 90190 90247 90035 90201 90045 90266 90002 90279 90137 90226 90083 90244 90093 90159 90202 90029 90119 90130
90229 90301
90301 90229 90058
90058 89972
89972 89976 89979
90144 89974
90083 89976 89974
90037 89976
90190 90316 89972
90316 90190
90247 89972
89979 90515 90401 90374 90391 90332 90416 90489 90356 90315 90474 90473 90409 89981 90430 90482
90515 90397
90397 90494 90521
90494 90400
90400 90397 90372
90521 90400 89976
90372 90521
90035 90028 89973
90028 90116
90116 90310 89976
90310 89972
90201 89975
89975 90364
90364 89979
90401 89976
90045 89985
89985 90177
90177 90402
90402 89979
90374 90236
90236 90370
90370 89972
90391 89976
90266 89972
90002 90341
90341 90126
90126 90418
90418 90049
90049 89979
90332 89979
90416 89974
90279 89974
90104 89979
90489 89979
90356 89974
90072 89974
90089 90347
90347 90203
90203 90458 89972
90458 90203 89980
90137 90362
90362 89974
90127 90460
90460 90202
90202 90317 89974
90317 90035
89973 90333
90333 90174
90174 90021
90021 90163
90163 89974
90208 89976
90226 89976
90217 89972
90244 90511
90511 90095
90095 89976
90093 90501
90501 90330
90330 90147
90147 89979 89976
90315 89974
89991 90020
90020 90147
90159 89974
90160 89972
90242 89976
90029 89974
89993 89972
90474 89979
90473 90115
90115 90533
90268 90458
89980 89979
90409 89979
89981 90005
90005 89986
89986 89979
90430 90125
90125 89974
90065 89989
89989 89976
90119 90336
90336 90086
90086 90319
90319 90068
90068 89976
90130 90415
90415 89979
90482 
