89979 89976 89985 90334 90020
89976 89979
89972 89976 89979
89974 89979
19050 19064 19065
19065 19069 19070 19071 19072
89836 89873 89874 89875
89835 
19064 19067 19065 19050
19067 19064 19066 19050
63068 63066
85446 
63344 63347 63348
69818 69831
21913 
49155 49164 49168
69746 69749
89834 89837 89835 89836
19071 19050
19072 
89837 89835 89836
19243 19064 19050
56634 56630
19066 19243 19241 19050
49168 49155 49164
19375 19372 19374
19374 19372 19375
56635 56630
19522 19529
19168 
19241 19065 19071 19072 19050
19372 19373 19374 19375
49164 49168 49155
89875 89834 89835 89836
19070 19050
89873 89875 89836
89874 89836
19529 19522
69781 69771 69783 69782 69784
69749 69771 69781 69782
69831 69818
56630 56634 56635
89985 89972 89974 89976 89979
67167 67166 67027
69782 69771 69783 69781 69784
19078 
19079 
19544 
19472 47827 19473 19474
69771 69783 69781 69782 69784
69783 69749
67166 67167 67027
67027 67166 67167
63066 63068
63347 
63348 63344
90020 89972 89974 89976 89979
19473 47827 19472 19474
19069 19070 19071 19072
19373 19372 19374 19375
90334 89972 89974 89976 89979
47827 19472 19473 19474
19474 47827 19472 19473
69801 
69784 69771 69783 69781 69782
69813 69808 69809 69811 69812 69814 69746 69815 69816 69817
69809 69808 69811 69812 69813 69814 69746 69815 69816 69817
69816 69808 69809 69811 69812 69813 69814 69746 69815 69817
90538 90539 90540
90539 90538 90540
90540 90538 90539
69815 69808 69809 69811 69812 69813 69814 69746 69816 69817
69811 69808 69809 69812 69813 69814 69746 69815 69816 69817
19732 
69808 69818 69809 69811 69812 69813 69814 69746 69815 69816 69817
69817 69808 69809 69811 69812 69813 69814 69746 69815 69816
69812 69813 69808 69809 69811 69814 69746 69815 69816 69817
69814 69815 69808 69809 69811 69812 69813 69746 69816 69817
