16121 16120 16122 16123 16124 16125 16126
16124 16120 16121 16122 16123 16125 16126
16126 16120 16121 16122 16123 16124 16125
16123 16120 16121 16122 16124 16125 16126
16120 16121 16122 16123 16124 16125 16126
16125 16120 16121 16122 16123 16124 16126
16122 16123 16120 16121 16124 16125 16126
57984 57971 4292 57975 57977 57978 57969 57986 57987
57969 57971 4292 57975 57977 57978 57984 57986 57987
57978 57971 4292 57975 57977 57969 57984 57986 57987
4292 57975 57971 57977 57978 57969 57984 57986 57987
37579 
57987 57971 4292 57975 57977 57978 57969 57984 57986
57975 57971 4292 57977 57978 57969 57984 57986 57987
57971 4292 57975 57977 57978 57969 57984 57986 57987
57977 57971 4292 57975 57978 57969 57984 57986 57987
57986 57971 4292 57975 57977 57978 57969 57984 57987
28176 
87667 87663 87664 87665 87666 87668 87669 87670
50227 50228 50229
43378 43374 43380
28002 27212
43374 43378 43380
28009 28140 28147 27212
99034 
30707 
58332 
27212 28002 28004 28006 28009 28010 28016
34863 
3997 
67919 
43380 43374 43378
56658 56663 56664 56665 56667 56668 56669 56670 56671
56667 56664 56663 56665 56668 56658 56669 56670 56671
56663 56664 56665 56667 56668 56658 56669 56670 56671
56668 56669 56663 56664 56665 56667 56658 56670 56671
56670 56671 56663 56664 56665 56667 56668 56658 56669
50229 50227
87668 87663 87664 87665 87666 87667 87669 87670
77022 
56671 56663 56667 56668 56658 56670
87666 87663 87664 87665 87667 87668 87669 87670
87665 87666 87667 87668 87669
97662 97655 97656 97657 97658 97659 97660 97661 97663 97664
97664 97655 97656 97657 97658 97659 97660 97661 97662 97663
97658 97655 97656 97657 97659 97660 97661 97662 97663 97664
42129 42130 42132 42137
97656 97657 97655 97658 97659 97660 97661 97662 97663 97664
42137 42132 42129 42130
57669 
97655 97656 97657 97658 97659 97660 97661 97662 97663 97664
97663 97655 97656 97657 97658 97659 97660 97661 97662 97664
87669 87665 87666 87667 87668
97660 97655 97656 97657 97658 97659 97661 97662 97663 97664
42130 42129 42132 42137
97659 97660 97655 97656 97657 97658 97661 97662 97663 97664
97657 97658 97655 97656 97659 97660 97661 97662 97663 97664
97661 97662 97655 97656 97657 97658 97659 97660 97663 97664
84952 
99149 99146 99147 99148 99150 99151 99152 99153
99151 99146 99147 99148 99149 99150 99152 99153
99147 99146 99148 99149 99150 99151 99152 99153
99152 99146 99147 99148 99149 99150 99151 99153
28081 28016
28140 28009
86312 86309
99153 99146 99147 99148 99149 99150 99151 99152
38591 
87664 87667
99146 99147 99148 99149 99150 99151 99152 99153
99148 99149 99146 99147 99150 99151 99152 99153
99150 99151 99146 99147 99148 99149 99152 99153
28018 
28019 
94802 94793 94795 94797 94798 94800 94801 94803
98880 3997
88625 
77830 
87663 87664 87665 87666 87667 87668 87669 87670
1768 
58310 
94797 94793 94795 94798 94800 94801 94802 94803
94798 94793 94795 94797 94800 94801 94802 94803
94793 94795 94797 94798 94800 94801 94802 94803
94800 94793 94795 94797 94798 94801 94802 94803
2140 
86309 86312
94801 94793 94795 94797 94798 94800 94802 94803
28106 28004
94795 94797 94793 94798 94800 94801 94802 94803
85737 85736 85745 85735
28016 28080 28081 28082 27212
56669 56663 56667 56668 56658 56670 56671
94803 94793 94795 94797 94798 94800 94801 94802
85736 85737 85745 85735
87670 87663 87664 87665 87666 87667 87668 87669
88375 
88050 
95406 95407 95408
79204 
1665 1653 1660 1664 1666 1668 1669
1668 1653 1660 1664 1665 1666 1669
1660 1653 1664 1665 1666 1668 1669
85735 85736 85737 85745
28004 28106 27212
97645 97642
28006 27212
1653 1660 1664 1665 1666 1668 1669
56665 56663 56664 56667 56668 56658 56669 56670 56671
50228 50229
1669 1653 1660 1664 1665 1666 1668
28010 27212
1666 1653 1660 1664 1665 1668 1669
1664 1653 1660 1665 1666 1668 1669
56664 56665 56663 56667 56668 56658 56669 56670 56671
42132 42129 42130 42137
28080 28016
77820 
86712 86704
14633 15156 15158 15159 15160 14639
14639 15156 15158 14633 15159 15160
91649 91650 91647 91648 91656 91657 91658
91650 91647 91648 91649 91656 91657 91658
15160 15156 15158 14633 15159 14639
28408 
86704 86712
91656 91647 91648 91649 91650 91657 91658
91647 91648 91649 91650 91656 91657 91658
91648 91649 91647 91650 91656 91657 91658
91658 91647 91648 91649 91650 91656 91657
50169 
91657 91647 91648 91649 91650 91656 91658
85745 85736 85737 85735
97642 97645
15158 14633 15156 15159 15160 14639
15159 15160 15156 15158 14633 14639
41824 
94868 94866
95407 95408 95406
95408 95406 95407
42098 
40072 
94866 94868
15156 15158 14633 15159 15160 14639
41845 41840 41841
28082 28016
41840 41841 41845
41841 41840 41845
28147 28009
