6523 11807 11374 11808 11809 11810 11811 11812 11813 11366 11814 11815 11816 11817 11818 11819 11820 11821
11366 11815 6523 11830
27211 27789 27790 27791
89979 89976 89985
89976 89979
799 809 813 815
89972 89976 89979
89974 89979
699 19025 19026 19027 19028 19029 19030 19032 19033 19035 19036 19037 19038
11815 11830 6523 11366
7786 7788 7790 7791 7803 7809
11830 11831 11832 11833 11834 11835 11836 6523 11837 11838 11366 11839
24415 24452 24454 24455 24456 24451 24457 24458 24459 24474 24448 24461
33762 
4969 32455 32456 32457 32458 32460 32463 32465 32467 32468 32469
4587 22683 22672 22667 22673 22674 22675 22676 22677 22678 22682 22686
43158 43175 43178 43179 43159 43182 43183 43184
27790 
27789 27211
27791 27211
19038 19594 19595 19596 699 19597
11807 11808 11809 11810 11811 11812 6523 11813 11366 11814 11817 11818 11819 11820 11821
95127 95077
11821 11807 11809 11810 11811 11812 11824 6523 11813 11366 11814 11815 11816 11818
11810 11807 11809 11811 11812 11824 6523 11813 11366 11814 11815 11816 11818 11821
11818 11821 11807 11809 11810 11811 11812 6523 11813 11366 11814 11815 11816 11819
11811 11812 11807 11809 11810 6523 11813 11366 11814 11815 11816 11818 11821
11813 11814 11807 11809 11810 11811 11812 6523 11366 11815 11816 11818 11821
11809 11810 11807 11811 11812 6523 11813 11366 11814 11815 11816 11818 11821
11812 11813 11807 11809 11810 11811 6523 11366 11814 11815 11816 11818 11821
11814 11816 11807 11809 11810 11811 11812 6523 11813 11366 11815 11818 11821
813 74810 799 74818
7788 7821 7786 7820
13166 13178 13162 13168 13169 13170 13167
11816 11818 11807 11809 11810 11811 11812 6523 11813 11366 11814 11815 11821
22676 22672 22667 22673 22674 22675 22677 22678 22682 22683 4587 22686
809 799
815 83912
20421 
7430 7428 7499
7820 7822 7786 7788
36979 
11819 
37579 
13277 13272 13273 13275 13276
3426 23989 3403
83912 83913 83914 799
24459 24582 24463
20204 20200 20201
20200 20201 20204
20201 20200 20204
13273 13272 13275 13276 13277
21813 
13272 13273 13275 13276 13277
13276 13272 13273 13275 13277
28238 28221
24463 24583 24582
22667 22673 22672 22674 22675 22676 22677 22678 22682 22683 4587 22686
95126 95127
65305 65302 1001 47363 65306 65308
24461 24415 24503 24504
13275 13276 13272 13273 13277
1993 
83913 83916
22673 
13162 13168 13169 13170 13166 13167
47363 65302 65305 65306 65308
2566 2567
22675 22672 22667 22673 22674 22676 22677 22678 22682 22683 4587 22686
24582 24463 24459
22677 22672 22667 22673 22674 22675 22676 22678 22682 22683 4587 22686
22683 22672 22667 22673 22674 22675 22676 22677 22678 22682 4587 22686
22674 22672 22667 22673 22675 22676 22677 22678 22682 22683 4587 22686
22682 22672 22667 22673 22674 22675 22676 22677 22678 22683 4587 22686
65302 47363 65305 65306 65308
83916 83913
95124 95127
19093 
11832 11833 11836 6523 11838 11366 11839
11838 11835 11837 11832 11833 11836 6523 11366 11839
11839 11831 11832 11833 11836 6523 11838 11366
13167 13162 13168 13169 13170 13166
22672 22667 22673 22674 22675 22676 22677 22678 22682 22683 4587 22686
34076 88957
8729 8878
11833 11836 11832 6523 11838 11366 11839
11836 11834 11832 11833 6523 11838 11366 11839
22678 22672 22667 22673 22674 22675 22676 22677 22682 22683 4587 22686
13168 13162 13178 13169 13170 13166 13167
24448 24459 24415 46811
13170 13162 13178 13168 13169 13166 13167
57840 
19594 19595 19596 19597 19038
65306 65308 65302 47363 65305
65308 65302 47363 65305 65306
13169 13162 13168 13170 13166 13167
31581 
32456 
22686 22672 22667 22673 22674 22675 22676 22677 22678 22682 22683 4587
2567 
78299 
7428 7430
28002 27212
19597 19594 19595 19038
24474 24459 24415
19030 19025 19026 19027 19028 19029 19032 19033 19035 19036 19037 19038
10693 10779
36984 
9244 34073 34076 34077
11374 6523 11366
88957 34076 9244
28009 27212
19595 19597 19594 19038
59027 59028
19033 19025 19026 19027 19028 19029 19030 19042 19032 19035 19036 19037 19038
92249 
19032 19025 19026 19027 19028 19029 19030 19042 19033 19035 19036 19037 19038
27703 
27707 
27375 
27380 
48112 48285
19037 19026 19025 19027 19028 19029 19030 19032 19033 19035 19036 19038
75129 
1629 
59028 59027
31149 
19036 19025 19026 19027 19028 19029 19030 19032 19033 19035 19037 19038
19025 19026 19027 19028 19029 19030 19042 19032 19033 19035 19036 19037 19038
19028 19025 19026 19027 19029 19030 19042 19032 19033 19035 19036 19037 19038
34106 
32458 32456
43062 
25117 
1001 24865 24866
66515 
22804 4587
11817 6523 11366
19026 19025 19027 19493 19028 19029 19030 19032 19033 19035 19036 19037 19038
19029 19035 19025 19026 19027 19493 19028 19030 19032 19033 19036 19037 19038
19027 19025 19026 19028 19029 19030 19032 19033 19035 19036 19037 19038
19035 19025 19026 19027 19028 19029 19030 19032 19033 19036 19037 19038
11820 11811 11807 11809 11810 11812 6523 11813 11366 11814 11815 11816 11818 11821
87802 
11808 11809 11807 11810 11811 11812 6523 11813 11366 11814 11815 11816 11818 11819 11821
10779 10693
91571 
43187 43158
69818 
10998 92246 92249 92253
42129 42130 42132 42137
42137 42132 42129 42130
7822 7786 7788 7820
43159 43158
32219 32216
1143 1086 1140 1141 1142 1147
86117 
42130 42129 42132 42137
54587 54583 54586 54588 54589 54590 54592 54593 25202 54594
28018 
7375 1993
13891 
3403 3426
54590 54583 54595 54586 54587 54588 54589 54592 54593 25202 54594
54593 54583 54595 54586 54587 54588 54589 54590 54592 25202 54594
25202 54583 54595 54586 54587 54588 54589 54590 54592 54593 54594
54693 
54588 54583 54595 54586 54587 54589 54590 54592 54593 25202 54594
54594 54583 54595 54586 54587 54588 54589 54590 54592 54593 25202
1086 1140 1141 1142 1143 1147
54586 54583 54595 54587 54588 54589 54590 54592 54593 25202 54594
40742 
60356 
24451 24452 24454 24455 24456 24457 24458 24459 24415 24448 24461
24469 
54583 54595 54586 54587 54588 54589 54590 54592 54593 25202 54594
54592 54593 54583 54595 54586 54587 54588 54589 54590 25202 54594
1142 1086 1140 1141 1143 1147
1147 1086 1140 1141 1142 1143
38591 
24458 24415 24503 24469
96357 
24865 24868
24866 1001
32485 4969
27220 
30673 30679
23989 3558 3426 3403 3563
54589 54590 54583 54595 54586 54587 54588 54592 54593 25202 54594
43184 43175 43178 43179 43158 43183 43187
40196 
38561 
29819 
32465 32458 32467 32473 32469 32576
43179 43175 43178 43158 43159 43182 43183 43184 43187
24454 24452 24455 24456 24463 24451 24457 24458 24459 24415 24448 24461
7302 38122
43178 43175 43179 43158 43182 43183 43184 43187
1140 1141 1142 1143 1147
92253 92246 10998
32467 32465 32468 32469 4969
3563 3558 3426
43183 43175 43178 43179 43158 43182 43184 43187
32469 59027 32463
5657 
46862 46861
24503 24415 24504 24461
43175 43178 43179 43158 43182 43183 43184 43187
24455 24452 24454 24456 24451 24457 24458 24459 24415 24448 24469 24461
24456 24452 24454 24455 24451 24457 24458 24459 24415 24448 24461
47834 
8376 8377 8378
8377 8378 8376
8378 8376 8377
28852 28841 28845 28846 28850
28846 28841 28845 28850 28852
22585 
83760 
46861 46862 24415
24457 24458 24452 24454 24455 24456 24451 24459 24415 24448 24461
24452 24454 24455 24456 24451 24457 24458 24459 24415 24448 24461
32473 
61436 
24868 24865 24866
11824 
28006 27212
5594 5574 95126
34073 34076 34077
30674 30673 26025 30679
98880 
3558 3426 3563
54711 
28841 28845 28846 28850 28852
7499 7428
92246 92249 92253 10998
91529 91528
31599 31581
28850 28841 28845 28846 28852
68483 
24583 24463
83914 
8878 
28845 28846 28841 28850 28852
7791 7786 7788 7790 7958 7803
32468 32455 32457 32460 32465 32469 4969
48285 48112
74810 
74818 
49353 49358
32460 32457 32455 32465 4969
42132 42129 42130 42137
13178 13168 13162 13169 13170 13166 13167
7821 7820 7786 7788
15746 
27212 28002 28006 28009
8322 8321 8323 8324 8325 8326 8328
69220 
91528 91529
15799 
7809 7786 7822
8328 8321 8322 8323 8324 8325 8326
8321 8322 8323 8324 8325 8326 8328
46697 
56258 56257 56259 56260 56261 56262 56263 56264
32216 
8323 8324 8321 8322 8325 8326 8328
91649 91650 91647 91648 91656 91657 91658
91650 91647 91648 91649 91656 91657 91658
1092 13942 13943 13948
91656 91647 91648 91649 91650 91657 91658
74849 74848 74851 74852 799 74853 74855
91647 91648 91649 91650 91656 91657 91658
8324 8321 8322 8323 8325 8326 8328
8326 8328 8321 8322 8323 8324 8325
1141 1142 1086 1140 1143 1147
56257 56258 56259 56260 56261 56262 56263 56264
91648 91649 91647 91650 91656 91657 91658
91658 91647 91648 91649 91650 91656 91657
74851 74848 74849 74852 799 74853 74855
86642 
91657 91647 91648 91649 91650 91656 91658
8325 8326 8321 8322 8323 8324 8328
11834 11832 11833 11836 6523 11838 11366 11839
49358 49353
73479 
74848 74849 74851 74852 799 74853 74855
19493 699
51809 51807 51808 51810
56261 56257 56258 56259 56260 56262 56263 56264
34077 34076 34073
19596 19594 19595 19597 19038
74853 74848 74849 74851 74852 799 74855
22776 4587
56264 56257 56258 56259 56260 56261 56262 56263
74852 74848 74849 74851 799 74853 74855
13943 1092 13942 13948
24504 24415 24503 24461
22638 
56259 56260 56257 56258 56261 56262 56263 56264
32496 
74855 809 74848 74849 74851 74852 799 74853
11831 11832 11833 11836 6523 11838 11366 11839
11835 11839 11832 11833 11836 6523 11838 11366
11837 11832 11833 11836 6523 11838 11366 11839
77951 77942 77946 77947 77948
7790 7791 7786 7958
86689 
7958 7786
51810 51807 51808 51809
95077 5574
61078 
32457 32455 32460 32465 4969
56260 56261 56257 56258 56259 56262 56263 56264
56262 56263 56257 56258 56259 56260 56261 56264
56263 56264 56257 56258 56259 56260 56261 56262
32463 4969
39341 
54595 54583 54586 54587 54588 54589 54590 54592 54593 25202 54594
71364 71363 71365 71366 71367 71368 71369
51807 51808 51809 51810
51808 51807 51809 51810
14396 
93352 
45040 45038 45039
26025 30673 30679
71369 71363 71364 71365 71366 71367 71368
30679 30673 30674 26025
28221 28238 27213
71367 71363 71364 71365 71366 71368 71369
27213 28221
69164 32485 4969
7803 7786 7788 7790 7791
62676 
61910 
19042 699
23474 
5574 95077 5594
46737 
32455 32468 4969
46811 
71363 71364 71365 71366 71367 71368 71369
71368 71363 71364 71365 71366 71367 71369
98007 
38122 7302
71366 71363 71364 71365 71367 71368 71369
12048 
24528 
13948 1092 13942 13943
45038 45039 45040
45039 45040 45038
2573 2566
44345 74190 74191 74192 74195 74196 74197 74198 74199 74206 74200 44350 10191 74205
74200 74190 74191 74192 74195 74196 74197 74198 44345 74199 74206 44350 10191 74205
44350 74190 74191 74192 74195 74196 74197 74198 44345 74199 74206 74200 10191 74205
71365 71363 71364 71366 71367 71368 71369
74197 74190 74191 74192 74195 74196 74198 44345 74199 74206 74200 44350 10191 74205
74198 44345 74190 74191 74192 74195 74196 74197 74199 74206 74200 44350 10191 74205
10191 74190 74191 74192 74195 74196 74197 74198 44345 74199 74206 74200 44350 74205
43182 43184 43175 43178 43179 43158 43183
74196 74197 74190 74191 74192 74195 74198 44345 74199 74206 74200 44350 10191 74205
43002 
13942 1092 13943 13948
74205 74190 74191 74192 74195 74196 74197 74198 44345 74199 74206 74200 44350 10191
74206 74200 74190 74191 74192 74195 74196 74197 74198 44345 74199 44350 10191 74205
74192 74195 74190 74191 74196 74197 74198 44345 74199 74206 74200 44350 10191 74205
74195 74190 74191 74192 74196 74197 74198 44345 74199 74206 74200 44350 10191 74205
77942 77946 77947 77948 77951
77946 77947 77942 77948 77951
77947 77948 77942 77946 77951
77948 77942 77946 77947 77951
32576 32458 32465 32473 4969
74190 74191 74192 74195 74196 74197 74198 44345 74199 74206 74200 44350 10191 74205
74191 74192 74190 74195 74196 74197 74198 44345 74199 74206 74200 44350 10191 74205
74199 74206 74190 74191 74192 74195 74196 74197 74198 44345 74200 44350 10191 74205
89985 89972 89974 89976 89979
