3507 4022 4023 4045 4012 4026 4027
25115 75450 75449 75451 75452 75453 75454 75472 75457 75444 75460 75447 75461 75438
8672 8677 8680 8681 8683 8684 8686 8687 8689
6538 43258 43251 43262
4586 11927 11928 11929
12890 18635 18639 18640 35262
6533 
35993 36011 36012 36013
36013 
4361 
651 
6526 
11927 11928 4586
11928 11927 4586
8 28 27 3 5 6 29 30 7
26021 26001 57421
75447 25115 75438
15679 26105 26106 26107
75444 75454 75450 75451 75452 75453 75457 75458 75460 75447 75461
4022 4027 3507
4045 3507
36972 
36008 35992 35993
2716 
35992 35993 36008
8681 8680 8683 8672 8684 8686 8687 8689
25254 25258
11929 4586
83414 83405
43378 43374 43380
7154 7155 7152 7156 7157
9 5 27 28 2 3 6 29 30 7 8
4818 
7152 7154 7155 7156 7157
26001 26021 57421 35585
4027 3507 4022
2 27 28 3 5 6 29 30 7 8 9
1876 
43374 43378 43380
83405 83414
8686 8680 8681 8683 8672 8684 8687 8689
80972 80969
3100 
8680 8722
28315 
76915 
28513 28523
4023 3507 4022 4026
57421 26001 26021 35585
75461 75450 75449 75451 75452 75453 75454 75472 25115 75457 75444 75460 75447
7155 7156 7152 7154 7157
7156 7157 7152 7154 7155
7157 7152 7154 7155 7156
75452 75450 75449 75451 75453 75454 75472 25115 75457 75444 75460 75447 75461
75451 75450 75449 75452 75453 75454 75472 25115 75457 75444 75460 75447 75461
75460 75450 75449 75451 75452 75453 75454 75472 25115 75457 75444 75447 75461
6 2 3 5 7 8 9
75453 75450 75449 75451 75452 75454 75472 25115 75457 75444 75460 75447 75461
75457 75450 75449 75451 75452 75453 75454 75472 25115 75444 75460 75447 75461
75450 75449 75451 75452 75453 75454 75472 25115 75457 75444 75460 75447 75461
24660 
8684 8672
43778 43780
7553 7551
38664 38662
5 27 28 2 3 6 29 30 7 8 9
8687 8672 8689
8689 8672 8687
75454 75450 75451 75452 75453 75457 75458 75460 75447 75461
4026 3507 4022 4023 4012
78475 78478
8677 8680 8681 8672 8686
8722 8681 8686
28523 
7559 7551
7 27 28 2 3 5 6 29 30 8 9
27 2 8 9
29624 
75449 75450 75451 75452 75453 75454 75457 75458 75460 75447 75461
78478 78475
35585 26001 26021 57421
75472 75453 75450 75451 75452 75454 75457 75458 75460 75447 75461
7885 
43780 43778
43380 43374 43378
75438 
40119 
25258 25254
18635 12890
3 27 28 2 5 6 29 30 7 8 9
45409 
8683 8672
38662 38664
80969 80972
35262 
36011 36013
36012 36013
11180 
65839 6533
26107 26105 26106
29 27 28 2 3 5 6 30 7 8 9
7551 7553 7559
1064 
26105 26106 26107
81588 
18639 
30 27 28 2 3 5 6 29 7 8 9
4012 3507 4022 4023 4026 4027
43262 6538
7763 
58309 
77974 
54299 
43258 6538
28 3 27 2 5 6 29 30 7 8 9
26106 26105 26107 15679
3010 
1005 1064
46422 
90712 
43251 6538
43063 
18640 18635 18639
75458 75452 75450 75451 75453 75454 75457 75460 75447 75461
41987 
