34657 34656
34656 34655 34657 34659 34654 34658
34655 34654 34658 34656 34657
34654 34656 34655 34657
34658 34655 34657 34656
34659 34657 34656
74395 
71431 
35991 35987
35987 35985 35991
35985 35987 35989 35988
35989 35987
35988 
23615 23616 23618
23616 23618
23618 23615 23617 23619
23617 23618
23619 23623
23623 
55025 55027
55027 55023 55015
55023 55016
55016 55027
55015 55026 55022
55026 55013
55013 55024
55024 55020
55020 55015
55022 55017
55017 55031
55031 55032
55032 
66417 66420
66420 66391
66391 66392
66392 66389
66389 66376
66376 66350 66390
66350 66376
66390 66384
66384 66399
66399 66360
66360 66383
66383 66386
66386 22090
22090 66363
66363 
91240 
42156 42137
42137 42138 42131 42164 42167 42133 42165 42135 42127 42129
42138 42136 42132 42133
42136 42131 42134 42129 42133
42131 42153 42160 42152 42156 42154
42153 42130 42137
42130 42138 42134 42136 42137 42132 42133
42132 42130 42178 42176 42172 42133 42137
42134 42135 42137
42135 42183 42138
42183 42137 42130
42160 42137
42164 42137 42129
42129 42130 42140 42131 42138 42132 42142
42167 42129
42133 42131 42130 42129
42152 42137
42165 42130
42140 42129
42178 42132
42176 42124
42124 42135
42172 42132
42154 42137
42127 42130
42142 42145
42145 42147
42147 
25659 
41529 41527
41527 41529
69052 
88448 88451
88451 88454
88454 
71804 71797 71794 71796 71800 71793 71759 71801 71805 71802
71797 71801 71793 71813 71811 71800 71798 71795 71796 71794 71759 71805
71801 71815 71793 71797 71795 71759 71796 71798 71800 71794
71815 71800
71800 71796 71801 71798 71759 71795 71794 71793 71797
71796 71804 71794 71793 71795 71800 71812 71799 71759 71814 71802 71811 71798 71813 71797 71801 71805
71794 71798 71804 71803 71795 71800 71801 71759 71793 71796 71802 71797
71798 71794 71797 71795 71793 71801 71796 71759 71800
71803 71793 71804 71795 71794 71800 71759 71802
71793 71801 71759 71796 71800 71797 71794 71798 71795
71759 71796 71797 71793 71795 71798 71794 71799 71800 71801
71795 71794 71806 71793 71809 71807 71808 71797 71800 71810 71796 71798 71759 71801
71813 71800 71794 71796 71805 71801 71798 71811 71795 71793
71806 71795
71811 71794 71805 71800 71796 71795 71812 71759 71814 71797
71809 71759 71797 71801 71810 71807 71798 71795 71793 71794
71807 71795
71808 71793 71800 71810 71759 71807 71798 71796
71805 71793 71797 71811 71794 71798 71801 71813 71759 71800
71810 71795
71812 71795 71793 71794
71799 71797 71795 71759 71793 71794 71796 71798 71800 71801
71814 71801 71800 71798 71811 71759 71813
71802 71801 71794 71797 71759 71805 71800 71795 71793 71796 71798
68919 68910 68921
68910 68920 68919
68920 68910
68921 
88038 88040
88040 88043
88043 88039 88046
88039 88043
88046 88041
88041 88047
88047 
23059 23057 23058 23051 23060 23056 23055 23063 23052 23054 23062 23061 23050 23053 23064
23057 23063 23054 23056 23053 23050 23051 23059 23055 23061 23058 23060 23064 23062 23052
23063 23050 23060 23054 23059 23058 23056 23053 23062 23064 23055 23057 23061 23052 23051
23050 23060 23055 23053 23063 23057 23059 23062 23061 23054 23052 23058 23056
23060 23051 23055 23062 23057 23054 23050 23059 23053 23063 23064 23056 23058 23052 23061
23051 23055 23053 23052 23059 23064 23057 23058 23063 23056 23062 23054 23060 23050 23061
23055 23059 23052 23063 23056 23051 23053 23057 23060 23064 23062 23061 23054 23058 23050
23058 23061 23052 23053 23057 23051 23059 23056 23063 23062 23064 23060 23050 23054
23061 23051 23062 23053 23063 23064 23056 23050 23057 23058 23059 23060 23054 23055 23052
23053 23057 23052 23062 23054 23064 23059 23056 23061 23060 23055 23063 23051 23050 23058
23054 23051 23055 23053 23052 23064 23061 23056 23058 23063 23062 23050 23057 23059 23060
23052 23058 23061 23059 23062 23056 23055 23050 23057 23064 23051 23060 23054 23063 23053
23062 23057 23053 23052 23054 23064 23061 23058 23059 23063 23051 23060 23055 23056 23050
23056 23053 23062 23058 23063 23050 23059 23054 23051 23061 23064 23060 23055 23057
23064 23052 23057 23053 23063 23061 23060 23051 23062 23054 23058 23050 23056 23059 23055
42195 
83005 83008
83008 82971
82971 82978
82978 82974
82974 
42143 42147
69686 69689
69689 
74972 31656
31656 
25238 25233 25232
25233 25235 25231
25235 25236 25237
25236 25232 25240
25232 25234 25240
25234 25233 25237 25244 25238 25243
25231 25238
25237 25235 25230 25236
25230 25237
25240 25234 25232
25244 25234
25243 
88457 88454
99926 99914
99914 99927 99922 99923 99925 99924 99921 99926 99920
99927 99914
99922 99914
99923 99928 99914 99929 99930
99928 99914 99923
99925 99931 99914
99931 99925 99914
99924 99914
99921 99914
99929 99914 99923
99920 99914
99930 99914 99923
94836 94801
94801 94800
94800 94804 94797
94804 94793
94793 94806
94806 94800
94797 94812
94812 94803
94803 94825
94825 
